sent1, 9, 1, 1, 24, 43
sent2, 30, 2, 2, 24, 43
sent3, 28, 3, 3, 24, 43
sent4, 35, 3, 4, 24, 43
sent5, 34, 4, 5, 24, 43
sent6, 28, 5, 6, 24, 43
sent7, 15, 5, 7, 24, 43
sent8, 23, 6, 8, 24, 43
sent9, 42, 7, 9, 24, 43
sent10, 11, 7, 10, 24, 43
sent11, 13, 8, 11, 24, 43
sent12, 21, 8, 12, 24, 43
sent13, 14, 8, 13, 24, 43
sent14, 14, 9, 14, 24, 43
sent15, 25, 10, 15, 24, 43
sent16, 17, 11, 16, 24, 43
sent17, 26, 12, 17, 24, 43
sent18, 6, 12, 18, 24, 43
sent19, 7, 12, 19, 24, 43
sent20, 15, 13, 20, 24, 43
sent21, 25, 14, 21, 24, 43
sent22, 13, 14, 22, 24, 43
sent23, 33, 15, 23, 24, 43
sent24, 22, 16, 24, 24, 43
sent25, 18, 16, 25, 24, 43
sent26, 12, 16, 26, 24, 43
sent27, 33, 17, 27, 24, 43
sent28, 10, 17, 28, 24, 43
sent29, 20, 18, 29, 24, 43
sent30, 19, 18, 30, 24, 43
sent31, 42, 19, 31, 24, 43
sent32, 36, 20, 32, 24, 43
sent33, 22, 21, 33, 24, 43
sent34, 21, 21, 34, 24, 43
sent35, 20, 21, 35, 24, 43
sent36, 19, 22, 36, 24, 43
sent37, 10, 23, 37, 24, 43
sent38, 32, 23, 38, 24, 43
sent39, 15, 23, 39, 24, 43
sent40, 13, 23, 40, 24, 43
sent41, 18, 24, 41, 24, 43
sent42, 51, 24, 42, 24, 43
sent43, 23, 24, 43, 24, 43
