sent_1, 7, 2, 7, 19
sent_2, 4, 3, 5, 18
sent_3, 7, 3, 7, 17
sent_4, 15, 6, 12, 20
sent_5, 2, 1, 3, 5
sent_6, 8, 5, 9, 15
sent_7, 6, 2, 5, 8
sent_8, 6, 3, 5, 8
sent_9, 4, 2, 6, 21
sent_10, 9, 1, 5, 12
sent_11, 6, 4, 8, 14
sent_12, 3, 3, 4, 7
sent_13, 7, 3, 7, 16
sent_14, 7, 2, 5, 14
sent_15, 10, 6, 10, 22
sent_16, 5, 2, 4, 8
sent_17, 5, 3, 6, 14
sent_18, 9, 4, 9, 17
sent_19, 8, 5, 11, 20
sent_20, 10, 3, 6, 10
sent_21, 7, 3, 6, 12
sent_22, 5, 7, 8, 18
sent_23, 7, 2, 6, 13
sent_24, 4, 4, 7, 19
sent_25, 7, 2, 5, 10
