sent_1, 4, 1, 3, 4
sent_2, 10, 3, 9, 19
sent_3, 11, 5, 9, 17
sent_4, 9, 6, 10, 19
sent_5, 5, 3, 7, 14
sent_6, 10, 3, 7, 19
sent_7, 9, 2, 7, 15
sent_8, 5, 2, 6, 10
sent_9, 6, 2, 4, 5
sent_10, 3, 2, 5, 12
sent_11, 6, 3, 7, 13
sent_12, 4, 2, 4, 7
sent_13, 2, 1, 3, 8
sent_14, 8, 6, 9, 14
sent_15, 10, 3, 6, 10
sent_16, 6, 3, 8, 17
sent_17, 6, 4, 6, 11
sent_18, 5, 3, 7, 15
sent_19, 3, 0, 2, 5
sent_20, 3, 1, 3, 4
sent_21, 5, 1, 4, 7
sent_22, 10, 6, 10, 21
sent_23, 4, 3, 6, 10
sent_24, 7, 2, 3, 6
sent_25, 6, 1, 4, 9
sent_26, 6, 2, 5, 10
sent_27, 5, 3, 5, 10
sent_28, 7, 2, 4, 9
sent_29, 2, 2, 4, 5
