sent_1, 3, 0, 1, 1
sent_2, 5, 1, 2, 3
sent_3, 1, 0, 1, 1
sent_4, 6, 5, 8, 15
sent_5, 7, 3, 4, 4
sent_6, 3, 1, 3, 4
sent_7, 3, 2, 3, 6
sent_8, 4, 5, 8, 15
sent_9, 5, 3, 5, 7
sent_10, 14, 6, 12, 25
sent_11, 3, 2, 4, 9
sent_12, 5, 3, 7, 14
sent_13, 4, 1, 4, 6
sent_14, 4, 2, 5, 7
sent_15, 2, 2, 4, 11
sent_16, 2, 6, 8, 17
sent_17, 1, 2, 3, 8
sent_18, 2, 3, 4, 15
sent_19, 4, 3, 7, 13
sent_20, 5, 1, 4, 7
sent_21, 5, 6, 8, 18
sent_22, 1, 1, 2, 7
sent_23, 1, 2, 3, 4
sent_24, 2, 1, 3, 8
sent_25, 2, 1, 2, 3
sent_26, 0, 1, 1, 3
sent_27, 1, 4, 5, 12
sent_28, 5, 6, 11, 18
sent_29, 4, 4, 8, 23
sent_30, 0, 2, 2, 6
sent_31, 2, 2, 4, 9
sent_32, 2, 4, 6, 12
