sent_1, 4, 2, 6, 9
sent_2, 1, 3, 4, 6
sent_3, 15, 4, 12, 28
sent_4, 3, 2, 4, 6
sent_5, 12, 8, 14, 24
sent_6, 6, 2, 6, 14
sent_7, 4, 2, 4, 7
sent_8, 12, 5, 11, 28
sent_9, 5, 4, 7, 13
sent_10, 5, 2, 4, 7
sent_11, 12, 3, 7, 19
sent_12, 8, 1, 4, 7
sent_13, 8, 5, 10, 27
sent_14, 9, 9, 15, 33
sent_15, 8, 5, 8, 21
sent_16, 7, 6, 11, 18
sent_17, 2, 0, 2, 4
sent_18, 3, 4, 6, 13
sent_19, 12, 3, 9, 16
sent_20, 6, 3, 8, 17
sent_21, 1, 1, 2, 4
sent_22, 6, 7, 11, 22
sent_23, 6, 7, 10, 27
sent_24, 5, 4, 7, 20
sent_25, 5, 5, 10, 19
sent_26, 5, 4, 7, 15
sent_27, 3, 5, 8, 19
sent_28, 6, 1, 3, 5
sent_29, 5, 5, 7, 18
sent_30, 11, 9, 18, 46
sent_31, 5, 5, 9, 24
sent_32, 3, 3, 6, 14
sent_33, 1, 2, 3, 8
sent_34, 1, 3, 4, 10
sent_35, 3, 2, 4, 8
sent_36, 1, 1, 2, 4
sent_37, 16, 10, 18, 33
sent_38, 5, 3, 7, 16
sent_39, 6, 4, 8, 14
sent_40, 2, 2, 4, 7
sent_41, 5, 2, 5, 9
sent_42, 4, 1, 3, 5
sent_43, 5, 4, 7, 18
sent_44, 7, 3, 8, 15
sent_45, 2, 2, 4, 9
sent_46, 3, 2, 4, 10
sent_47, 4, 4, 5, 12
sent_48, 5, 2, 7, 15
sent_49, 11, 5, 11, 25
sent_50, 7, 5, 11, 25
sent_51, 11, 7, 14, 39
sent_52, 10, 3, 9, 19
sent_53, 6, 6, 10, 21
sent_54, 12, 7, 12, 25
sent_55, 3, 3, 4, 9
sent_56, 12, 3, 11, 25
sent_57, 10, 3, 6, 11
sent_58, 6, 2, 3, 7
sent_59, 5, 4, 7, 15
sent_60, 7, 3, 6, 12
sent_61, 5, 3, 5, 9
sent_62, 9, 4, 8, 17
sent_63, 5, 5, 9, 19
sent_64, 7, 6, 12, 30
sent_65, 3, 2, 3, 6
sent_66, 3, 2, 5, 10
sent_67, 11, 3, 7, 18
sent_68, 6, 3, 7, 14
sent_69, 13, 10, 20, 44
sent_70, 23, 6, 15, 33
sent_71, 6, 4, 8, 15
sent_72, 5, 1, 3, 4
sent_73, 7, 3, 7, 12
sent_74, 0, 1, 1, 3
sent_75, 2, 1, 2, 3
sent_76, 4, 5, 9, 17
sent_77, 8, 6, 11, 22
