sent_1, 1, 1, 2, 3
sent_2, 3, 0, 2, 6
sent_3, 2, 3, 3, 11
sent_4, 6, 1, 3, 5
sent_5, 3, 1, 4, 12
sent_6, 5, 1, 3, 5
sent_7, 2, 2, 4, 15
sent_8, 3, 2, 4, 8
sent_9, 0, 2, 2, 9
sent_10, 5, 2, 5, 11
sent_11, 3, 3, 6, 19
sent_12, 3, 1, 4, 9
sent_13, 3, 2, 3, 6
sent_14, 6, 1, 5, 12
sent_15, 1, 1, 2, 7
sent_16, 3, 2, 4, 8
sent_17, 4, 0, 2, 3
sent_18, 4, 3, 5, 12
sent_19, 7, 1, 4, 9
sent_20, 4, 3, 4, 14
sent_21, 3, 1, 3, 5
sent_22, 3, 2, 5, 11
sent_23, 7, 4, 7, 12
sent_24, 8, 3, 8, 20
sent_25, 3, 2, 5, 11
sent_26, 2, 1, 3, 7
sent_27, 6, 4, 8, 16
sent_28, 1, 1, 2, 5
sent_29, 2, 1, 1, 3
sent_30, 5, 2, 7, 17
sent_31, 3, 2, 5, 14
sent_32, 5, 4, 7, 20
sent_33, 4, 3, 5, 11
sent_34, 2, 1, 3, 7
sent_35, 1, 2, 3, 10
sent_36, 5, 2, 4, 9
sent_37, 3, 1, 3, 7
sent_38, 4, 4, 5, 11
sent_39, 6, 4, 8, 18
sent_40, 3, 0, 2, 10
sent_41, 2, 3, 5, 12
sent_42, 1, 2, 3, 9
sent_43, 2, 1, 3, 4
sent_44, 3, 1, 3, 4
sent_45, 4, 2, 5, 9
sent_46, 1, 0, 1, 5
sent_47, 2, 1, 3, 7
sent_48, 1, 2, 3, 10
sent_49, 3, 2, 4, 11
sent_50, 4, 1, 4, 7
sent_51, 4, 2, 5, 11
sent_52, 7, 1, 3, 7
sent_53, 5, 3, 5, 11
sent_54, 2, 1, 1, 1
sent_55, 6, 1, 3, 5
sent_56, 3, 2, 5, 12
sent_57, 6, 4, 8, 13
sent_58, 3, 3, 5, 16
sent_59, 2, 2, 4, 7
sent_60, 4, 3, 5, 12
sent_61, 8, 4, 9, 24
sent_62, 2, 3, 4, 9
sent_63, 3, 2, 4, 5
sent_64, 2, 1, 3, 6
sent_65, 5, 5, 9, 16
sent_66, 4, 5, 9, 26
sent_67, 4, 5, 7, 16
sent_68, 0, 1, 1, 4
sent_69, 5, 4, 8, 17
sent_70, 3, 2, 4, 8
sent_71, 5, 4, 9, 20
sent_72, 6, 5, 7, 15
sent_73, 5, 4, 7, 16
sent_74, 2, 1, 2, 5
sent_75, 2, 1, 3, 8
sent_76, 3, 1, 2, 4
sent_77, 6, 1, 5, 17
sent_78, 3, 2, 5, 14
sent_79, 3, 1, 3, 5
sent_80, 3, 1, 2, 9
sent_81, 4, 3, 6, 16
sent_82, 2, 2, 2, 4
sent_83, 7, 2, 4, 9
sent_84, 7, 2, 5, 9
sent_85, 5, 4, 8, 16
sent_86, 5, 1, 4, 8
sent_87, 6, 4, 8, 15
sent_88, 2, 1, 3, 6
sent_89, 8, 1, 4, 12
sent_90, 2, 2, 4, 10
sent_91, 2, 0, 2, 7
sent_92, 3, 3, 6, 12
sent_93, 3, 1, 3, 8
sent_94, 1, 0, 1, 5
sent_95, 2, 2, 2, 7
sent_96, 2, 3, 5, 14
sent_97, 2, 1, 3, 5
sent_98, 5, 2, 5, 10
sent_99, 1, 1, 2, 3
sent_100, 7, 6, 9, 19
sent_101, 0, 2, 2, 5
sent_102, 6, 6, 11, 25
sent_103, 2, 0, 1, 1
sent_104, 5, 4, 7, 16
sent_105, 2, 0, 1, 1
sent_106, 1, 1, 2, 2
sent_107, 3, 2, 4, 10
sent_108, 9, 5, 12, 36
sent_109, 0, 1, 1, 11
sent_110, 2, 4, 6, 17
sent_111, 4, 1, 5, 13
sent_112, 3, 6, 9, 29
sent_113, 2, 2, 4, 6
sent_114, 3, 2, 4, 10
sent_115, 4, 2, 5, 13
sent_116, 4, 2, 5, 15
sent_117, 1, 1, 2, 6
sent_118, 5, 2, 5, 16
sent_119, 5, 2, 5, 10
sent_120, 8, 2, 5, 19
sent_121, 1, 1, 2, 3
sent_122, 4, 2, 5, 9
sent_123, 2, 1, 3, 8
sent_124, 5, 6, 10, 24
sent_125, 4, 3, 5, 11
sent_126, 3, 2, 4, 12
sent_127, 5, 3, 7, 12
sent_128, 3, 4, 6, 13
sent_129, 8, 3, 9, 27
sent_130, 5, 2, 3, 10
sent_131, 4, 3, 7, 15
sent_132, 3, 1, 4, 8
sent_133, 3, 1, 4, 8
sent_134, 7, 2, 6, 12
sent_135, 4, 2, 5, 8
sent_136, 5, 3, 7, 22
sent_137, 4, 2, 3, 4
sent_138, 4, 4, 7, 18
sent_139, 3, 2, 5, 12
sent_140, 3, 2, 4, 9
sent_141, 4, 2, 4, 6
sent_142, 4, 1, 4, 10
sent_143, 3, 2, 3, 10
sent_144, 1, 1, 2, 3
sent_145, 3, 2, 5, 11
sent_146, 2, 0, 2, 8
sent_147, 1, 2, 3, 9
sent_148, 7, 4, 9, 20
sent_149, 3, 2, 4, 7
sent_150, 4, 0, 2, 7
sent_151, 5, 4, 8, 24
