sent_1, 3, 1, 3, 7
sent_2, 2, 1, 3, 7
sent_3, 4, 1, 2, 7
sent_4, 9, 3, 7, 20
sent_5, 4, 2, 4, 8
sent_6, 7, 4, 7, 12
sent_7, 10, 2, 6, 13
sent_8, 7, 2, 5, 10
sent_9, 4, 3, 7, 13
sent_10, 2, 2, 4, 7
sent_11, 9, 1, 3, 9
sent_12, 7, 2, 5, 11
sent_13, 6, 1, 3, 11
sent_14, 4, 0, 1, 1
sent_15, 5, 1, 3, 6
sent_16, 1, 2, 3, 5
sent_17, 4, 2, 4, 7
sent_18, 6, 1, 4, 13
sent_19, 5, 2, 5, 8
sent_20, 4, 3, 5, 8
sent_21, 2, 1, 3, 5
sent_22, 12, 4, 10, 19
sent_23, 5, 2, 5, 9
sent_24, 1, 3, 4, 10
sent_25, 1, 1, 2, 9
sent_26, 3, 2, 4, 8
sent_27, 1, 3, 4, 9
sent_28, 3, 2, 5, 15
