sent_1, 9, 4, 9, 15
sent_2, 3, 1, 3, 4
sent_3, 2, 1, 1, 1
sent_4, 5, 4, 6, 9
sent_5, 2, 1, 1, 3
sent_6, 6, 1, 4, 17
sent_7, 11, 5, 8, 13
sent_8, 7, 4, 9, 19
sent_9, 4, 2, 5, 11
sent_10, 5, 1, 3, 6
sent_11, 7, 1, 3, 6
sent_12, 3, 0, 2, 4
sent_13, 6, 1, 4, 12
sent_14, 5, 2, 5, 10
sent_15, 8, 1, 3, 4
sent_16, 3, 2, 4, 10
sent_17, 0, 0, 0, 0
sent_18, 0, 0, 0, 0
sent_19, 3, 2, 3, 5
sent_20, 4, 3, 6, 13
sent_21, 4, 6, 9, 21
sent_22, 8, 3, 6, 12
sent_23, 10, 3, 6, 11
sent_24, 7, 3, 7, 13
sent_25, 7, 3, 8, 25
sent_26, 3, 3, 5, 13
sent_27, 7, 2, 6, 10
sent_28, 4, 1, 4, 11
sent_29, 5, 6, 11, 24
sent_30, 6, 2, 5, 8
sent_31, 4, 5, 9, 27
