sent_1, 6, 2, 4, 6
sent_2, 7, 3, 6, 11
sent_3, 2, 2, 4, 9
sent_4, 6, 5, 9, 15
sent_5, 2, 1, 2, 4
sent_6, 1, 1, 2, 2
sent_7, 1, 1, 2, 3
sent_8, 2, 1, 3, 5
sent_9, 2, 1, 3, 5
sent_10, 7, 2, 5, 8
sent_11, 7, 5, 8, 14
sent_12, 8, 5, 6, 9
sent_13, 2, 3, 5, 7
sent_14, 6, 3, 7, 12
sent_15, 4, 2, 5, 7
sent_16, 2, 2, 4, 11
sent_17, 2, 4, 6, 10
sent_18, 0, 2, 2, 7
sent_19, 1, 2, 3, 8
sent_20, 2, 3, 4, 15
sent_21, 4, 3, 7, 13
sent_22, 9, 4, 9, 13
sent_23, 8, 3, 5, 9
sent_24, 5, 1, 4, 7
sent_25, 5, 6, 8, 18
sent_26, 1, 1, 2, 7
sent_27, 1, 2, 3, 4
sent_28, 2, 1, 3, 8
sent_29, 2, 1, 2, 3
sent_30, 0, 0, 0, 3
sent_31, 1, 4, 5, 12
sent_32, 5, 6, 11, 18
sent_33, 4, 4, 8, 23
sent_34, 0, 2, 2, 6
sent_35, 1, 3, 4, 10
sent_36, 2, 4, 6, 12
