sent_1, 10, 3, 5, 10
sent_2, 1, 2, 3, 8
sent_3, 7, 3, 6, 11
sent_4, 6, 4, 9, 21
sent_5, 1, 1, 2, 5
sent_6, 4, 1, 5, 9
sent_7, 2, 2, 4, 8
sent_8, 9, 4, 8, 17
sent_9, 2, 2, 4, 8
sent_10, 5, 2, 5, 8
sent_11, 7, 6, 9, 19
sent_12, 8, 3, 7, 18
sent_13, 6, 1, 3, 5
sent_14, 8, 4, 9, 15
sent_15, 3, 3, 6, 16
sent_16, 8, 5, 10, 19
sent_17, 9, 7, 12, 33
sent_18, 4, 1, 4, 6
sent_19, 5, 5, 8, 16
sent_20, 5, 1, 2, 3
sent_21, 14, 7, 13, 22
sent_22, 7, 4, 9, 18
sent_23, 3, 3, 4, 9
sent_24, 5, 4, 8, 18
sent_25, 5, 4, 7, 17
sent_26, 2, 2, 2, 6
sent_27, 7, 6, 10, 16
sent_28, 10, 5, 11, 21
sent_29, 2, 3, 5, 11
sent_30, 6, 5, 8, 20
sent_31, 4, 4, 7, 18
sent_32, 11, 5, 10, 23
sent_33, 2, 1, 2, 4
sent_34, 10, 5, 10, 22
sent_35, 5, 2, 4, 13
sent_36, 8, 5, 7, 15
sent_37, 6, 8, 14, 28
sent_38, 4, 1, 4, 7
sent_39, 10, 4, 13, 30
