sent_1, 12, 2, 8, 15
sent_2, 8, 4, 8, 21
sent_3, 3, 3, 4, 10
sent_4, 8, 2, 5, 7
sent_5, 5, 3, 6, 14
sent_6, 12, 4, 11, 24
sent_7, 13, 4, 10, 25
sent_8, 7, 3, 7, 11
sent_9, 8, 5, 9, 17
sent_10, 11, 2, 6, 11
sent_11, 12, 7, 15, 32
sent_12, 19, 10, 20, 34
sent_13, 2, 1, 3, 6
sent_14, 2, 0, 1, 5
sent_15, 5, 5, 8, 13
sent_16, 8, 4, 5, 9
sent_17, 6, 5, 7, 18
sent_18, 9, 4, 8, 14
sent_19, 5, 4, 8, 16
sent_20, 9, 7, 12, 25
sent_21, 8, 2, 3, 4
sent_22, 12, 4, 9, 14
sent_23, 8, 8, 12, 25
sent_24, 13, 5, 10, 21
sent_25, 6, 4, 8, 18
sent_26, 12, 6, 12, 23
sent_27, 4, 1, 3, 4
sent_28, 8, 6, 14, 28
sent_29, 2, 1, 3, 8
sent_30, 2, 1, 2, 5
sent_31, 10, 5, 10, 20
sent_32, 5, 3, 6, 9
sent_33, 10, 5, 10, 18
sent_34, 2, 1, 3, 6
sent_35, 4, 3, 5, 10
sent_36, 4, 3, 5, 10
sent_37, 3, 2, 4, 9
sent_38, 1, 1, 2, 5
