sent_1, 8, 5, 9, 16
sent_2, 7, 6, 11, 19
sent_3, 6, 3, 6, 11
sent_4, 8, 4, 8, 14
sent_5, 8, 4, 7, 12
sent_6, 8, 3, 4, 7
sent_7, 6, 3, 7, 15
sent_8, 4, 3, 6, 14
sent_9, 4, 4, 6, 9
sent_10, 2, 2, 4, 9
sent_11, 2, 1, 3, 7
sent_12, 1, 0, 1, 1
sent_13, 1, 0, 1, 4
sent_14, 6, 4, 9, 15
sent_15, 8, 4, 8, 13
sent_16, 1, 0, 1, 4
sent_17, 10, 7, 13, 22
sent_18, 9, 2, 4, 5
sent_19, 5, 2, 3, 5
sent_20, 7, 3, 7, 14
sent_21, 8, 4, 9, 16
sent_22, 4, 2, 3, 4
sent_23, 7, 4, 7, 12
sent_24, 5, 6, 10, 15
sent_25, 2, 2, 4, 6
sent_26, 7, 4, 8, 15
sent_27, 6, 3, 7, 12
sent_28, 1, 2, 3, 5
sent_29, 3, 2, 3, 7
sent_30, 6, 1, 3, 9
sent_31, 5, 3, 5, 10
sent_32, 4, 3, 6, 9
sent_33, 3, 1, 2, 5
