sent_1, 11, 4, 8, 14
sent_2, 5, 2, 5, 13
sent_3, 11, 2, 7, 14
sent_4, 5, 2, 4, 9
sent_5, 2, 1, 3, 5
sent_6, 2, 3, 4, 6
sent_7, 3, 2, 5, 11
sent_8, 5, 3, 5, 9
sent_9, 3, 3, 4, 9
sent_10, 6, 2, 5, 8
sent_11, 2, 3, 5, 11
sent_12, 1, 5, 6, 19
sent_13, 3, 2, 4, 6
sent_14, 7, 4, 7, 14
sent_15, 5, 3, 5, 9
sent_16, 7, 5, 8, 14
sent_17, 2, 1, 2, 5
sent_18, 3, 2, 4, 6
sent_19, 7, 3, 5, 8
sent_20, 4, 5, 6, 14
sent_21, 6, 3, 5, 14
sent_22, 4, 4, 7, 12
sent_23, 3, 3, 6, 14
sent_24, 5, 1, 3, 4
sent_25, 8, 6, 11, 25
sent_26, 11, 6, 10, 18
sent_27, 13, 5, 9, 16
sent_28, 8, 2, 5, 10
sent_29, 2, 1, 2, 3
sent_30, 6, 2, 3, 9
sent_31, 4, 2, 4, 6
sent_32, 5, 2, 4, 8
sent_33, 4, 3, 5, 11
sent_34, 4, 5, 7, 14
sent_35, 3, 2, 3, 6
sent_36, 11, 5, 11, 22
sent_37, 5, 2, 5, 8
sent_38, 5, 1, 3, 5
sent_39, 13, 7, 9, 14
sent_40, 4, 2, 4, 5
sent_41, 5, 2, 5, 9
sent_42, 7, 3, 6, 9
sent_43, 6, 6, 10, 17
sent_44, 4, 3, 6, 10
sent_45, 4, 3, 7, 13
sent_46, 5, 3, 4, 6
sent_47, 8, 4, 10, 23
sent_48, 10, 5, 10, 24
sent_49, 8, 3, 6, 12
sent_50, 2, 0, 1, 6
sent_51, 5, 5, 6, 9
sent_52, 6, 3, 5, 8
