sent_1, 1, 29, 1, 21, 36, 0, 4, 3, 6, 1, 7, 0
sent_2, 2, 29, 2, 21, 38, 0, 6, 5, 2, 0, 2, 0
sent_3, 3, 29, 2, 21, 16, 0, 1, 1, 0, 0, 1, 0
<<<<<<< HEAD:classifiers/data/s4d7.txt
sent_4, 4, 29, 3, 21, 47, 0, 4, 2, 1, 0, 4, 1
=======
sent_4, 4, 29, 3, 21, 47, 0, 4, 2, 1, 0, 4, 0
>>>>>>> origin/master:classifiers/comcast_to_buy_time_warner_cable_1/features/s4d7.txt
sent_5, 5, 29, 4, 21, 32, 0, 1, 1, 1, 1, 3, 0
sent_6, 6, 29, 5, 21, 9, 0, 3, 2, 0, 0, 0, 0
sent_7, 7, 29, 5, 21, 35, 0, 1, 1, 1, 0, 2, 0
sent_8, 8, 29, 5, 21, 21, 0, 2, 2, 2, 0, 5, 0
sent_9, 9, 29, 6, 21, 39, 1, 7, 4, 1, 0, 1, 0
sent_10, 10, 29, 7, 21, 24, 0, 3, 3, 2, 1, 3, 0
<<<<<<< HEAD:classifiers/data/s4d7.txt
sent_11, 11, 29, 7, 21, 22, 0, 2, 2, 2, 0, 4, 1
sent_12, 12, 29, 8, 21, 33, 0, 1, 1, 2, 0, 3, 0
sent_13, 13, 29, 9, 21, 34, 0, 4, 3, 0, 0, 4, 1
sent_14, 14, 29, 10, 21, 28, 0, 3, 1, 1, 1, 3, 0
sent_15, 15, 29, 11, 21, 17, 0, 1, 1, 1, 1, 3, 0
sent_16, 16, 29, 12, 21, 42, 0, 4, 3, 2, 1, 4, 1
=======
sent_11, 11, 29, 7, 21, 22, 0, 2, 2, 2, 0, 4, 0
sent_12, 12, 29, 8, 21, 33, 0, 1, 1, 2, 0, 3, 0
sent_13, 13, 29, 9, 21, 34, 0, 4, 3, 0, 0, 4, 0
sent_14, 14, 29, 10, 21, 28, 0, 3, 1, 1, 1, 3, 0
sent_15, 15, 29, 11, 21, 17, 0, 1, 1, 1, 1, 3, 0
sent_16, 16, 29, 12, 21, 42, 0, 4, 3, 2, 1, 4, 0
>>>>>>> origin/master:classifiers/comcast_to_buy_time_warner_cable_1/features/s4d7.txt
sent_17, 17, 29, 13, 21, 21, 0, 2, 2, 1, 0, 2, 0
sent_18, 18, 29, 13, 21, 14, 0, 0, 0, 0, 0, 1, 0
sent_19, 19, 29, 14, 21, 18, 1, 1, 0, 1, 0, 1, 0
sent_20, 20, 29, 15, 21, 34, 0, 2, 2, 2, 1, 4, 0
sent_21, 21, 29, 16, 21, 41, 0, 5, 5, 2, 0, 5, 0
sent_22, 22, 29, 17, 21, 38, 1, 1, 1, 2, 1, 4, 0
sent_23, 23, 29, 18, 21, 47, 0, 6, 6, 2, 0, 2, 0
sent_24, 24, 29, 19, 21, 14, 0, 4, 4, 0, 0, 0, 0
sent_25, 25, 29, 19, 21, 23, 0, 5, 3, 3, 0, 2, 0
sent_26, 26, 29, 20, 21, 43, 0, 6, 2, 3, 0, 3, 0
sent_27, 27, 29, 21, 21, 5, 0, 2, 1, 0, 0, 1, 0
sent_28, 28, 29, 21, 21, 19, 0, 0, 0, 2, 0, 1, 0
sent_29, 29, 29, 21, 21, 19, 1, 1, 0, 0, 0, 1, 0
