sent_1, 6, 2, 6, 15
sent_2, 2, 2, 4, 7
sent_3, 8, 2, 6, 15
sent_4, 4, 2, 4, 13
sent_5, 5, 3, 6, 15
sent_6, 5, 5, 8, 22
sent_7, 7, 2, 7, 15
sent_8, 5, 2, 5, 10
sent_9, 6, 3, 6, 13
sent_10, 3, 2, 4, 11
sent_11, 3, 1, 4, 9
sent_12, 4, 4, 7, 18
sent_13, 1, 1, 2, 7
sent_14, 9, 7, 13, 32
sent_15, 5, 4, 7, 13
sent_16, 8, 3, 9, 23
sent_17, 4, 2, 5, 14
sent_18, 3, 2, 4, 6
sent_19, 2, 1, 3, 9
sent_20, 7, 3, 9, 19
sent_21, 5, 4, 8, 15
sent_22, 9, 3, 9, 21
sent_23, 4, 4, 8, 19
sent_24, 5, 2, 6, 19
sent_25, 6, 2, 5, 11
sent_26, 2, 1, 2, 7
