sent_1, 2, 2, 4, 5
sent_2, 9, 4, 10, 23
sent_3, 4, 6, 9, 20
sent_4, 8, 1, 4, 17
sent_5, 4, 2, 4, 17
sent_6, 11, 5, 12, 25
sent_7, 6, 4, 9, 18
sent_8, 5, 2, 4, 9
sent_9, 3, 5, 8, 20
sent_10, 1, 4, 5, 11
sent_11, 7, 3, 8, 13
sent_12, 3, 3, 6, 12
sent_13, 6, 5, 9, 29
sent_14, 2, 2, 4, 12
sent_15, 4, 2, 4, 7
sent_16, 6, 2, 6, 16
sent_17, 3, 1, 4, 9
sent_18, 7, 2, 6, 20
sent_19, 2, 2, 4, 12
sent_20, 7, 2, 7, 22
sent_21, 3, 2, 5, 11
sent_22, 8, 1, 6, 18
sent_23, 2, 1, 2, 5
sent_24, 2, 0, 2, 4
sent_25, 5, 1, 3, 4
sent_26, 4, 2, 4, 6
sent_27, 6, 4, 8, 16
sent_28, 4, 2, 5, 11
sent_29, 2, 2, 4, 10
sent_30, 3, 1, 3, 5
sent_31, 4, 2, 5, 8
sent_32, 5, 5, 10, 21
sent_33, 5, 2, 5, 15
sent_34, 3, 1, 3, 5
sent_35, 4, 3, 6, 19
sent_36, 11, 7, 14, 33
sent_37, 8, 2, 4, 9
sent_38, 2, 0, 2, 3
sent_39, 6, 2, 8, 22
sent_40, 7, 3, 6, 15
sent_41, 3, 1, 4, 12
sent_42, 3, 2, 3, 7
sent_43, 11, 2, 5, 13
sent_44, 2, 1, 2, 3
sent_45, 4, 0, 2, 4
sent_46, 8, 3, 9, 24
sent_47, 3, 2, 4, 15
sent_48, 4, 1, 5, 14
sent_49, 8, 5, 11, 23
sent_50, 1, 0, 1, 1
