sent_1, 1, 1, 2, 3
sent_2, 1, 1, 2, 3
sent_3, 9, 4, 8, 17
sent_4, 1, 2, 3, 10
sent_5, 5, 4, 6, 15
sent_6, 5, 2, 5, 9
sent_7, 6, 4, 7, 13
sent_8, 5, 2, 5, 7
sent_9, 4, 2, 4, 7
sent_10, 4, 0, 4, 9
sent_11, 4, 3, 6, 11
sent_12, 4, 3, 6, 10
sent_13, 2, 1, 3, 6
sent_14, 1, 0, 1, 1
sent_15, 4, 1, 3, 5
sent_16, 7, 2, 6, 10
sent_17, 2, 0, 1, 5
sent_18, 2, 0, 2, 5
sent_19, 3, 2, 3, 7
sent_20, 10, 7, 13, 34
sent_21, 7, 4, 7, 16
sent_22, 4, 4, 7, 14
sent_23, 2, 2, 4, 7
sent_24, 3, 1, 3, 5
sent_25, 2, 4, 6, 13
