sent_1, 6, 2, 5, 11
sent_2, 4, 2, 3, 5
sent_3, 4, 3, 5, 11
sent_4, 4, 1, 3, 5
sent_5, 4, 2, 4, 7
sent_6, 6, 2, 4, 7
sent_7, 5, 2, 3, 3
sent_8, 4, 1, 2, 3
sent_9, 3, 1, 3, 7
sent_10, 3, 2, 3, 6
sent_11, 4, 2, 5, 7
sent_12, 5, 2, 4, 10
sent_13, 4, 2, 3, 6
sent_14, 3, 1, 2, 3
sent_15, 6, 4, 8, 15
sent_16, 6, 3, 6, 9
sent_17, 5, 3, 8, 18
sent_18, 3, 1, 3, 7
sent_19, 8, 3, 6, 12
sent_20, 8, 5, 9, 20
sent_21, 7, 2, 4, 6
sent_22, 6, 2, 5, 11
sent_23, 5, 2, 5, 10
sent_24, 6, 1, 3, 7
sent_25, 6, 4, 8, 13
sent_26, 5, 3, 6, 10
sent_27, 7, 1, 2, 3
sent_28, 1, 0, 1, 1
