sent_1, 10, 5, 11, 20
sent_2, 3, 3, 5, 8
sent_3, 9, 3, 7, 12
sent_4, 5, 4, 8, 17
sent_5, 11, 6, 10, 22
sent_6, 9, 1, 5, 11
sent_7, 4, 3, 5, 8
sent_8, 8, 1, 5, 13
sent_9, 3, 3, 4, 11
sent_10, 4, 1, 3, 6
sent_11, 6, 3, 7, 17
sent_12, 3, 1, 2, 5
sent_13, 3, 2, 4, 7
sent_14, 3, 3, 6, 13
sent_15, 10, 1, 2, 6
sent_16, 7, 1, 3, 8
sent_17, 9, 3, 6, 11
sent_18, 5, 2, 4, 10
sent_19, 7, 3, 7, 13
sent_20, 11, 5, 12, 29
sent_21, 6, 3, 7, 11
sent_22, 8, 6, 11, 18
sent_23, 5, 1, 3, 7
sent_24, 7, 1, 4, 8
sent_25, 7, 3, 5, 10
sent_26, 6, 3, 6, 9
sent_27, 9, 4, 7, 12
sent_28, 3, 2, 5, 8
sent_29, 5, 3, 7, 17
