sent1, 7, 1, 1, 23, 40
sent2, 37, 2, 2, 23, 40
sent3, 9, 3, 3, 23, 40
sent4, 25, 3, 4, 23, 40
sent5, 23, 3, 5, 23, 40
sent6, 6, 4, 6, 23, 40
sent7, 17, 4, 7, 23, 40
sent8, 9, 5, 8, 23, 40
sent9, 39, 6, 9, 23, 40
sent10, 12, 6, 10, 23, 40
sent11, 19, 7, 11, 23, 40
sent12, 30, 8, 12, 23, 40
sent13, 32, 9, 13, 23, 40
sent14, 17, 9, 14, 23, 40
sent15, 28, 10, 15, 23, 40
sent16, 20, 10, 16, 23, 40
sent17, 32, 11, 17, 23, 40
sent18, 48, 11, 18, 23, 40
sent19, 10, 12, 19, 23, 40
sent20, 29, 12, 20, 23, 40
sent21, 16, 13, 21, 23, 40
sent22, 49, 13, 22, 23, 40
sent23, 31, 13, 23, 23, 40
sent24, 11, 14, 24, 23, 40
sent25, 28, 15, 25, 23, 40
sent26, 28, 15, 26, 23, 40
sent27, 16, 16, 27, 23, 40
sent28, 30, 16, 28, 23, 40
sent29, 38, 17, 29, 23, 40
sent30, 12, 18, 30, 23, 40
sent31, 30, 18, 31, 23, 40
sent32, 24, 19, 32, 23, 40
sent33, 38, 20, 33, 23, 40
sent34, 7, 21, 34, 23, 40
sent35, 45, 21, 35, 23, 40
sent36, 23, 21, 36, 23, 40
sent37, 30, 22, 37, 23, 40
sent38, 31, 22, 38, 23, 40
sent39, 13, 23, 39, 23, 40
sent40, 41, 23, 40, 23, 40
