sent_1, 9, 3, 8, 16
sent_2, 4, 2, 4, 14
sent_3, 9, 4, 10, 26
sent_4, 5, 2, 5, 11
sent_5, 2, 1, 3, 14
sent_6, 2, 1, 3, 14
sent_7, 7, 5, 9, 22
sent_8, 5, 5, 8, 12
sent_9, 4, 2, 5, 15
sent_10, 11, 2, 7, 16
sent_11, 3, 1, 4, 10
sent_12, 12, 4, 10, 25
sent_13, 8, 7, 13, 23
sent_14, 5, 3, 6, 11
sent_15, 2, 1, 2, 3
sent_16, 8, 1, 3, 5
sent_17, 3, 1, 3, 8
sent_18, 5, 3, 7, 16
sent_19, 10, 5, 10, 18
sent_20, 6, 2, 4, 8
sent_21, 10, 8, 15, 27
sent_22, 9, 1, 2, 3
sent_23, 10, 1, 5, 9
sent_24, 4, 1, 3, 5
sent_25, 10, 2, 6, 10
sent_26, 2, 1, 1, 3
sent_27, 8, 3, 6, 13
sent_28, 5, 3, 4, 6
sent_29, 11, 2, 5, 8
sent_30, 11, 1, 4, 10
sent_31, 8, 3, 7, 16
sent_32, 5, 3, 8, 14
sent_33, 8, 3, 8, 25
sent_34, 4, 2, 4, 9
sent_35, 8, 4, 8, 19
sent_36, 4, 3, 7, 15
sent_37, 6, 2, 5, 11
sent_38, 4, 2, 4, 7
sent_39, 6, 2, 5, 14
sent_40, 4, 1, 3, 6
sent_41, 7, 2, 6, 14
sent_42, 4, 1, 3, 6
sent_43, 7, 2, 6, 14
sent_44, 4, 2, 4, 7
