sent_1, 1, 0, 1, 1
sent_2, 2, 1, 1, 1
sent_3, 4, 2, 5, 13
sent_4, 4, 2, 6, 14
sent_5, 5, 5, 8, 22
sent_6, 2, 0, 1, 5
sent_7, 4, 2, 4, 11
sent_8, 0, 0, 0, 1
sent_9, 5, 2, 6, 16
sent_10, 3, 2, 3, 8
sent_11, 1, 2, 3, 11
sent_12, 0, 2, 2, 7
sent_13, 4, 2, 5, 9
sent_14, 2, 1, 2, 4
sent_15, 4, 2, 5, 13
sent_16, 1, 2, 3, 10
sent_17, 0, 0, 0, 1
sent_18, 4, 4, 7, 22
sent_19, 0, 0, 0, 1
sent_20, 3, 2, 4, 9
sent_21, 3, 3, 5, 10
sent_22, 3, 1, 3, 7
sent_23, 1, 1, 2, 9
sent_24, 2, 3, 5, 14
sent_25, 0, 1, 1, 6
sent_26, 4, 3, 6, 13
sent_27, 1, 1, 2, 5
sent_28, 2, 1, 3, 8
sent_29, 3, 1, 4, 7
sent_30, 1, 2, 3, 5
sent_31, 1, 2, 3, 6
sent_32, 0, 1, 1, 2
sent_33, 4, 4, 6, 13
sent_34, 2, 1, 2, 5
sent_35, 4, 4, 6, 12
