sent_1, 2, 1, 3, 7
sent_2, 9, 5, 10, 20
sent_3, 5, 3, 6, 13
sent_4, 12, 4, 9, 15
sent_5, 5, 3, 8, 15
sent_6, 7, 3, 5, 11
sent_7, 1, 1, 2, 5
sent_8, 2, 4, 6, 13
sent_9, 4, 3, 6, 12
sent_10, 7, 5, 11, 19
sent_11, 7, 4, 6, 8
sent_12, 7, 3, 7, 10
sent_13, 4, 3, 6, 11
sent_14, 6, 5, 8, 19
sent_15, 6, 3, 7, 17
sent_16, 7, 1, 4, 10
sent_17, 3, 1, 3, 5
sent_18, 3, 1, 3, 6
sent_19, 14, 4, 9, 17
sent_20, 4, 2, 6, 15
sent_21, 6, 3, 6, 15
sent_22, 5, 5, 8, 14
sent_23, 8, 3, 6, 10
sent_24, 3, 2, 3, 6
sent_25, 3, 2, 4, 6
sent_26, 7, 3, 8, 21
sent_27, 4, 2, 5, 11
sent_28, 4, 1, 3, 12
sent_29, 5, 5, 8, 20
sent_30, 5, 4, 7, 12
sent_31, 4, 1, 3, 6
sent_32, 9, 2, 4, 8
sent_33, 4, 1, 2, 8
sent_34, 3, 3, 4, 8
sent_35, 4, 3, 7, 14
sent_36, 9, 6, 9, 13
sent_37, 6, 2, 6, 9
sent_38, 17, 3, 11, 20
sent_39, 6, 4, 8, 18
sent_40, 7, 5, 10, 23
sent_41, 7, 3, 5, 9
sent_42, 8, 2, 5, 9
