sent_1, 3, 1, 3, 4
sent_2, 3, 1, 3, 5
sent_3, 3, 1, 3, 4
sent_4, 9, 4, 9, 20
sent_5, 12, 4, 8, 14
sent_6, 6, 2, 5, 9
sent_7, 6, 3, 6, 14
sent_8, 6, 4, 8, 18
sent_9, 3, 1, 3, 4
sent_10, 7, 4, 8, 18
sent_11, 7, 3, 5, 11
sent_12, 8, 5, 8, 15
sent_13, 3, 3, 5, 10
sent_14, 5, 3, 7, 12
sent_15, 4, 1, 2, 3
sent_16, 3, 3, 4, 8
sent_17, 3, 3, 6, 16
sent_18, 3, 4, 7, 13
sent_19, 4, 2, 4, 6
sent_20, 4, 1, 4, 7
sent_21, 2, 3, 5, 11
sent_22, 7, 4, 7, 14
sent_23, 3, 1, 2, 3
sent_24, 3, 2, 4, 6
sent_25, 11, 4, 8, 14
sent_26, 10, 6, 10, 19
sent_27, 5, 1, 3, 4
sent_28, 6, 4, 6, 9
sent_29, 4, 3, 6, 9
sent_30, 12, 6, 11, 20
sent_31, 10, 5, 11, 24
sent_32, 5, 5, 7, 14
sent_33, 4, 6, 8, 23
sent_34, 7, 2, 5, 7
sent_35, 5, 2, 4, 8
sent_36, 5, 3, 6, 13
sent_37, 19, 6, 15, 28
sent_38, 5, 2, 4, 8
sent_39, 11, 4, 9, 18
sent_40, 6, 1, 3, 5
sent_41, 4, 3, 7, 13
sent_42, 3, 1, 2, 4
sent_43, 7, 6, 12, 22
sent_44, 1, 0, 1, 1
sent_45, 1, 2, 3, 6
sent_46, 3, 0, 1, 1
sent_47, 2, 2, 2, 5
sent_48, 4, 0, 1, 1
sent_49, 7, 4, 9, 14
sent_50, 3, 2, 4, 9
sent_51, 9, 3, 5, 6
sent_52, 3, 2, 5, 7
sent_53, 6, 4, 7, 13
sent_54, 3, 1, 2, 7
sent_55, 3, 3, 5, 11
sent_56, 4, 4, 8, 18
sent_57, 16, 2, 5, 10
sent_58, 10, 7, 13, 24
sent_59, 9, 8, 12, 19
sent_60, 6, 3, 5, 7
sent_61, 11, 7, 12, 21
sent_62, 9, 5, 9, 15
sent_63, 5, 1, 3, 5
sent_64, 8, 7, 14, 29
sent_65, 4, 3, 6, 11
sent_66, 3, 1, 3, 6
sent_67, 10, 9, 14, 26
sent_68, 3, 1, 3, 5
sent_69, 11, 6, 11, 22
sent_70, 9, 3, 8, 20
