sent_1, 10, 4, 10, 21
sent_2, 11, 4, 9, 20
sent_3, 3, 4, 5, 11
sent_4, 2, 2, 2, 3
sent_5, 5, 2, 5, 8
sent_6, 11, 8, 15, 35
sent_7, 10, 5, 9, 14
sent_8, 4, 1, 4, 12
sent_9, 3, 2, 3, 7
sent_10, 11, 4, 9, 14
sent_11, 7, 3, 6, 16
sent_12, 3, 2, 2, 4
sent_13, 1, 0, 1, 1
sent_14, 6, 2, 6, 14
sent_15, 8, 5, 10, 17
sent_16, 5, 8, 10, 24
sent_17, 4, 2, 3, 6
sent_18, 1, 1, 2, 5
sent_19, 6, 2, 5, 10
sent_20, 13, 5, 13, 24
sent_21, 2, 1, 3, 6
sent_22, 4, 6, 10, 18
sent_23, 9, 10, 14, 30
sent_24, 7, 3, 6, 10
sent_25, 3, 2, 3, 6
sent_26, 13, 4, 7, 12
sent_27, 1, 2, 3, 7
sent_28, 7, 3, 7, 13
sent_29, 1, 1, 2, 3
sent_30, 1, 1, 2, 3
sent_31, 1, 1, 2, 3
sent_32, 1, 0, 1, 2
sent_33, 1, 0, 1, 2
sent_34, 5, 6, 11, 27
sent_35, 4, 3, 6, 14
sent_36, 1, 3, 4, 12
sent_37, 9, 5, 10, 18
sent_38, 6, 3, 5, 7
sent_39, 6, 3, 5, 9
sent_40, 4, 2, 4, 8
sent_41, 10, 5, 9, 17
