sent_1, 8, 4, 9, 14
sent_2, 7, 3, 7, 16
sent_3, 9, 3, 6, 12
sent_4, 12, 5, 11, 20
sent_5, 9, 3, 7, 12
sent_6, 5, 3, 6, 16
sent_7, 7, 4, 8, 17
sent_8, 9, 4, 8, 15
sent_9, 5, 3, 5, 12
sent_10, 1, 2, 3, 5
sent_11, 3, 3, 6, 10
sent_12, 5, 3, 4, 5
sent_13, 4, 2, 4, 7
sent_14, 7, 3, 5, 14
sent_15, 3, 3, 6, 10
sent_16, 1, 1, 2, 4
sent_17, 7, 2, 4, 7
sent_18, 5, 5, 8, 13
sent_19, 15, 3, 10, 23
sent_20, 7, 4, 7, 14
sent_21, 8, 4, 9, 17
sent_22, 11, 2, 5, 9
sent_23, 2, 0, 1, 2
sent_24, 9, 2, 5, 12
sent_25, 7, 3, 5, 9
sent_26, 11, 4, 9, 18
sent_27, 8, 2, 5, 9
sent_28, 3, 2, 3, 6
sent_29, 9, 4, 8, 15
sent_30, 6, 1, 4, 9
sent_31, 7, 3, 6, 11
sent_32, 9, 4, 8, 12
sent_33, 4, 4, 7, 21
sent_34, 7, 2, 7, 15
sent_35, 8, 6, 11, 24
sent_36, 6, 3, 7, 13
sent_37, 8, 6, 10, 20
sent_38, 4, 4, 8, 16
sent_39, 7, 3, 5, 9
sent_40, 2, 2, 4, 8
sent_41, 5, 4, 7, 14
sent_42, 4, 5, 6, 16
sent_43, 9, 4, 9, 17
sent_44, 8, 4, 8, 15
sent_45, 4, 1, 4, 6
sent_46, 7, 3, 8, 17
sent_47, 2, 1, 2, 5
sent_48, 2, 2, 4, 7
sent_49, 4, 2, 3, 6
sent_50, 2, 4, 6, 16
sent_51, 7, 2, 6, 13
sent_52, 5, 4, 8, 15
sent_53, 8, 4, 7, 14
sent_54, 9, 1, 3, 5
sent_55, 5, 4, 6, 10
sent_56, 2, 3, 5, 10
sent_57, 1, 1, 2, 4
sent_58, 7, 2, 4, 7
sent_59, 3, 2, 5, 12
sent_60, 2, 2, 4, 7
sent_61, 9, 3, 6, 10
sent_62, 4, 2, 4, 9
sent_63, 3, 3, 6, 10
sent_64, 2, 4, 6, 13
sent_65, 4, 3, 4, 8
sent_66, 2, 3, 5, 7
