sent1, 12, 1, 1, 42, 55
sent2, 30, 2, 2, 42, 55
sent3, 32, 3, 3, 42, 55
sent4, 16, 4, 4, 42, 55
sent5, 8, 4, 5, 42, 55
sent6, 24, 5, 6, 42, 55
sent7, 10, 6, 7, 42, 55
sent8, 23, 6, 8, 42, 55
sent9, 21, 7, 9, 42, 55
sent10, 32, 8, 10, 42, 55
sent11, 36, 9, 11, 42, 55
sent12, 17, 10, 12, 42, 55
sent13, 29, 11, 13, 42, 55
sent14, 20, 12, 14, 42, 55
sent15, 40, 13, 15, 42, 55
sent16, 25, 14, 16, 42, 55
sent17, 36, 15, 17, 42, 55
sent18, 14, 16, 18, 42, 55
sent19, 17, 17, 19, 42, 55
sent20, 20, 17, 20, 42, 55
sent21, 14, 18, 21, 42, 55
sent22, 4, 18, 22, 42, 55
sent23, 26, 19, 23, 42, 55
sent24, 32, 20, 24, 42, 55
sent25, 22, 21, 25, 42, 55
sent26, 11, 22, 26, 42, 55
sent27, 18, 22, 27, 42, 55
sent28, 16, 23, 28, 42, 55
sent29, 20, 23, 29, 42, 55
sent30, 25, 24, 30, 42, 55
sent31, 32, 25, 31, 42, 55
sent32, 16, 26, 32, 42, 55
sent33, 7, 26, 33, 42, 55
sent34, 15, 27, 34, 42, 55
sent35, 8, 28, 35, 42, 55
sent36, 23, 28, 36, 42, 55
sent37, 18, 29, 37, 42, 55
sent38, 18, 30, 38, 42, 55
sent39, 35, 31, 39, 42, 55
sent40, 19, 32, 40, 42, 55
sent41, 25, 33, 41, 42, 55
sent42, 25, 34, 42, 42, 55
sent43, 21, 35, 43, 42, 55
sent44, 15, 36, 44, 42, 55
sent45, 20, 37, 45, 42, 55
sent46, 18, 38, 46, 42, 55
sent47, 8, 38, 47, 42, 55
sent48, 20, 39, 48, 42, 55
sent49, 7, 39, 49, 42, 55
sent50, 13, 40, 50, 42, 55
sent51, 14, 40, 51, 42, 55
sent52, 29, 41, 52, 42, 55
sent53, 10, 41, 53, 42, 55
sent54, 5, 42, 54, 42, 55
sent55, 19, 42, 55, 42, 55
