sent_1, 10, 6, 13, 20
sent_2, 3, 1, 2, 3
sent_3, 10, 5, 12, 23
sent_4, 5, 4, 7, 13
sent_5, 7, 5, 11, 20
sent_6, 6, 4, 8, 17
sent_7, 10, 4, 11, 24
sent_8, 10, 5, 10, 22
sent_9, 4, 2, 4, 8
sent_10, 5, 3, 7, 10
sent_11, 6, 7, 11, 26
sent_12, 5, 6, 9, 16
sent_13, 11, 8, 12, 20
sent_14, 4, 3, 6, 12
sent_15, 7, 1, 6, 13
sent_16, 10, 3, 7, 11
sent_17, 5, 3, 7, 21
sent_18, 9, 2, 6, 14
sent_19, 5, 3, 7, 11
sent_20, 6, 1, 4, 11
sent_21, 15, 4, 11, 28
sent_22, 4, 3, 7, 15
sent_23, 8, 5, 10, 17
sent_24, 10, 3, 9, 17
sent_25, 1, 1, 2, 5
sent_26, 3, 4, 7, 16
sent_27, 4, 3, 7, 17
sent_28, 7, 5, 9, 19
sent_29, 11, 3, 10, 21
sent_30, 6, 4, 7, 19
sent_31, 5, 3, 6, 15
sent_32, 7, 2, 6, 15
sent_33, 10, 5, 11, 22
sent_34, 7, 1, 4, 10
