sent_1, 4, 2, 3, 7
sent_2, 1, 1, 2, 4
sent_3, 7, 2, 7, 15
sent_4, 6, 1, 4, 13
sent_5, 4, 5, 7, 21
sent_6, 10, 3, 9, 23
sent_7, 4, 2, 4, 8
sent_8, 8, 5, 12, 23
sent_9, 4, 5, 7, 12
sent_10, 4, 3, 7, 16
sent_11, 2, 0, 1, 1
sent_12, 4, 3, 5, 14
sent_13, 4, 3, 5, 9
sent_14, 3, 2, 4, 8
sent_15, 4, 2, 6, 14
sent_16, 1, 1, 2, 6
sent_17, 8, 1, 6, 15
sent_18, 6, 1, 3, 7
sent_19, 3, 4, 5, 12
sent_20, 4, 4, 8, 17
sent_21, 8, 3, 7, 12
sent_22, 3, 0, 2, 10
sent_23, 5, 3, 6, 10
sent_24, 6, 3, 6, 14
sent_25, 6, 3, 6, 15
sent_26, 1, 1, 2, 5
sent_27, 6, 5, 10, 22
sent_28, 7, 6, 12, 24
sent_29, 4, 1, 4, 13
sent_30, 11, 3, 10, 31
sent_31, 11, 6, 12, 30
sent_32, 13, 5, 14, 34
sent_33, 2, 2, 4, 11
sent_34, 2, 2, 4, 13
sent_35, 2, 1, 3, 5
sent_36, 5, 4, 7, 15
sent_37, 5, 1, 2, 3
sent_38, 10, 5, 10, 27
sent_39, 3, 1, 2, 5
sent_40, 6, 4, 7, 19
sent_41, 5, 3, 6, 11
sent_42, 11, 7, 14, 31
sent_43, 1, 1, 2, 5
sent_44, 6, 4, 7, 17
sent_45, 4, 2, 5, 7
sent_46, 5, 2, 5, 8
sent_47, 2, 2, 3, 8
sent_48, 12, 7, 16, 39
sent_49, 6, 3, 7, 17
sent_50, 7, 4, 9, 21
sent_51, 7, 3, 6, 12
sent_52, 3, 1, 2, 4
sent_53, 2, 1, 2, 8
sent_54, 1, 1, 2, 9
sent_55, 3, 2, 5, 10
sent_56, 9, 3, 7, 10
sent_57, 8, 3, 7, 17
sent_58, 9, 2, 7, 17
sent_59, 3, 3, 6, 23
sent_60, 13, 5, 12, 30
sent_61, 13, 8, 14, 42
sent_62, 2, 2, 4, 11
sent_63, 0, 1, 1, 5
sent_64, 2, 2, 4, 6
