sent_1, 1, 0, 1, 1
sent_2, 8, 5, 9, 20
sent_3, 8, 5, 10, 22
sent_4, 2, 1, 3, 4
sent_5, 9, 5, 8, 13
sent_6, 7, 2, 6, 12
sent_7, 6, 2, 7, 15
sent_8, 5, 4, 7, 15
sent_9, 5, 3, 6, 17
sent_10, 8, 2, 6, 12
sent_11, 9, 2, 6, 12
sent_12, 9, 4, 12, 26
sent_13, 4, 3, 6, 14
sent_14, 8, 4, 9, 16
sent_15, 7, 1, 3, 6
sent_16, 6, 3, 9, 18
sent_17, 8, 4, 7, 15
sent_18, 5, 4, 8, 11
sent_19, 3, 2, 3, 5
sent_20, 4, 2, 4, 7
sent_21, 7, 3, 6, 14
sent_22, 4, 3, 6, 17
sent_23, 4, 1, 5, 12
sent_24, 5, 2, 6, 11
sent_25, 4, 1, 3, 4
