sent_1, 4, 1, 2, 3
sent_2, 4, 3, 7, 12
sent_3, 9, 4, 11, 21
sent_4, 13, 9, 16, 32
sent_5, 7, 4, 8, 16
sent_6, 2, 3, 5, 12
sent_7, 1, 2, 3, 8
sent_8, 3, 2, 3, 5
sent_9, 6, 4, 8, 22
sent_10, 4, 2, 6, 11
sent_11, 11, 6, 12, 25
sent_12, 7, 5, 8, 16
sent_13, 5, 6, 11, 21
sent_14, 8, 5, 11, 24
sent_15, 1, 3, 4, 13
sent_16, 1, 2, 3, 8
sent_17, 6, 5, 9, 15
sent_18, 7, 7, 10, 21
sent_19, 5, 4, 8, 19
sent_20, 4, 1, 2, 4
sent_21, 7, 9, 15, 35
sent_22, 6, 4, 8, 18
sent_23, 2, 1, 2, 6
sent_24, 9, 1, 4, 12
sent_25, 5, 2, 5, 13
sent_26, 7, 3, 6, 12
sent_27, 9, 4, 8, 16
sent_28, 11, 1, 10, 20
sent_29, 6, 4, 8, 16
sent_30, 4, 5, 7, 24
sent_31, 5, 3, 7, 11
sent_32, 5, 4, 8, 17
sent_33, 4, 4, 6, 11
sent_34, 5, 2, 5, 7
sent_35, 9, 3, 7, 14
sent_36, 9, 4, 7, 12
sent_37, 14, 4, 9, 17
sent_38, 4, 4, 6, 14
sent_39, 5, 3, 7, 12
sent_40, 3, 4, 6, 14
sent_41, 10, 8, 13, 27
sent_42, 8, 4, 7, 18
sent_43, 10, 5, 10, 25
sent_44, 3, 3, 4, 10
sent_45, 14, 3, 7, 11
sent_46, 3, 2, 4, 5
sent_47, 14, 6, 13, 26
sent_48, 0, 1, 1, 4
sent_49, 0, 1, 1, 4
sent_50, 3, 2, 3, 9
sent_51, 6, 2, 4, 8
sent_52, 10, 3, 6, 12
sent_53, 8, 3, 7, 12
sent_54, 10, 4, 7, 17
sent_55, 2, 3, 5, 10
sent_56, 4, 5, 9, 22
sent_57, 4, 2, 4, 13
sent_58, 9, 5, 11, 22
sent_59, 4, 1, 5, 10
sent_60, 5, 2, 6, 14
sent_61, 5, 2, 5, 14
sent_62, 5, 5, 10, 32
sent_63, 8, 8, 13, 39
sent_64, 4, 2, 4, 8
sent_65, 3, 1, 4, 6
sent_66, 5, 3, 5, 16
sent_67, 12, 5, 8, 23
sent_68, 6, 5, 6, 16
sent_69, 1, 0, 1, 1
sent_70, 2, 0, 2, 6
