sent_1, 4, 3, 6, 9
sent_2, 7, 2, 4, 5
sent_3, 4, 1, 2, 3
sent_4, 5, 5, 9, 15
sent_5, 8, 5, 10, 16
sent_6, 5, 3, 6, 11
sent_7, 4, 2, 4, 7
sent_8, 2, 1, 2, 4
sent_9, 3, 3, 6, 10
sent_10, 4, 3, 6, 12
sent_11, 6, 4, 8, 16
sent_12, 6, 4, 9, 22
sent_13, 7, 5, 11, 27
sent_14, 4, 2, 5, 11
sent_15, 7, 1, 4, 12
sent_16, 4, 1, 3, 11
sent_17, 6, 5, 9, 23
sent_18, 11, 6, 10, 20
sent_19, 3, 2, 4, 9
sent_20, 12, 4, 11, 19
sent_21, 1, 1, 2, 3
sent_22, 14, 8, 16, 29
sent_23, 9, 2, 6, 10
sent_24, 7, 4, 7, 15
sent_25, 3, 1, 4, 8
sent_26, 6, 2, 4, 5
sent_27, 3, 1, 2, 3
sent_28, 7, 5, 10, 19
sent_29, 6, 5, 10, 22
sent_30, 5, 4, 9, 19
sent_31, 1, 0, 1, 1
sent_32, 3, 2, 5, 8
sent_33, 1, 0, 1, 1
sent_34, 6, 2, 4, 7
sent_35, 6, 4, 10, 23
sent_36, 5, 3, 6, 14
sent_37, 3, 2, 3, 4
sent_38, 6, 1, 2, 3
sent_39, 2, 1, 2, 7
sent_40, 3, 1, 3, 9
sent_41, 4, 2, 3, 4
sent_42, 4, 1, 2, 3
sent_43, 3, 1, 2, 5
