sent_1, 4, 1, 2, 3
sent_2, 9, 2, 6, 12
sent_3, 9, 6, 10, 23
sent_4, 3, 6, 7, 16
sent_5, 8, 8, 14, 25
sent_6, 7, 3, 5, 9
sent_7, 6, 1, 3, 6
sent_8, 9, 6, 11, 20
sent_9, 8, 5, 7, 17
sent_10, 6, 5, 9, 13
sent_11, 9, 4, 7, 14
sent_12, 4, 3, 7, 12
sent_13, 9, 2, 6, 15
sent_14, 13, 7, 14, 30
sent_15, 5, 4, 7, 11
sent_16, 7, 2, 6, 12
sent_17, 4, 2, 4, 8
sent_18, 6, 3, 6, 14
sent_19, 9, 2, 6, 11
sent_20, 6, 3, 8, 14
sent_21, 6, 3, 5, 12
sent_22, 8, 4, 8, 14
sent_23, 4, 1, 4, 11
sent_24, 7, 1, 3, 5
sent_25, 3, 3, 4, 8
sent_26, 8, 3, 6, 10
sent_27, 2, 3, 5, 7
sent_28, 8, 0, 3, 7
sent_29, 8, 2, 5, 12
sent_30, 6, 3, 5, 10
sent_31, 3, 2, 3, 4
sent_32, 14, 5, 12, 28
sent_33, 9, 2, 5, 8
sent_34, 5, 1, 3, 6
sent_35, 7, 2, 4, 9
sent_36, 5, 3, 4, 6
sent_37, 7, 2, 5, 12
sent_38, 6, 1, 5, 11
sent_39, 13, 3, 8, 17
sent_40, 3, 3, 4, 6
sent_41, 14, 5, 10, 18
sent_42, 7, 4, 6, 15
sent_43, 7, 1, 2, 5
sent_44, 5, 1, 4, 7
sent_45, 6, 6, 10, 21
sent_46, 12, 8, 14, 31
sent_47, 3, 1, 3, 6
sent_48, 7, 3, 6, 11
sent_49, 8, 3, 7, 14
sent_50, 5, 3, 6, 14
sent_51, 3, 2, 5, 9
sent_52, 8, 2, 5, 10
sent_53, 12, 5, 11, 18
sent_54, 10, 7, 15, 27
sent_55, 11, 2, 6, 12
sent_56, 5, 3, 4, 10
sent_57, 8, 3, 9, 21
sent_58, 13, 5, 10, 20
sent_59, 9, 2, 8, 18
sent_60, 9, 4, 9, 17
sent_61, 6, 4, 8, 14
sent_62, 8, 6, 10, 23
sent_63, 1, 1, 2, 4
sent_64, 1, 2, 3, 7
sent_65, 5, 5, 10, 22
sent_66, 8, 6, 11, 16
sent_67, 5, 2, 5, 7
sent_68, 5, 3, 5, 11
sent_69, 0, 2, 2, 5
sent_70, 0, 1, 1, 3
