sent_1, 8, 4, 9, 15
sent_2, 10, 6, 13, 25
sent_3, 2, 4, 6, 13
sent_4, 5, 2, 3, 9
sent_5, 7, 4, 5, 12
sent_6, 9, 5, 11, 19
sent_7, 10, 4, 7, 14
sent_8, 8, 6, 9, 18
sent_9, 7, 4, 9, 15
sent_10, 13, 6, 14, 27
sent_11, 3, 2, 5, 7
sent_12, 14, 5, 9, 17
sent_13, 6, 2, 4, 7
sent_14, 6, 3, 7, 13
sent_15, 3, 1, 3, 7
sent_16, 5, 3, 4, 6
sent_17, 9, 2, 8, 15
sent_18, 6, 5, 9, 16
sent_19, 5, 1, 3, 4
sent_20, 6, 2, 4, 6
sent_21, 3, 2, 3, 8
sent_22, 6, 2, 6, 13
sent_23, 10, 5, 11, 22
sent_24, 5, 4, 9, 17
sent_25, 13, 10, 17, 35
sent_26, 6, 3, 7, 13
sent_27, 8, 4, 10, 18
sent_28, 4, 2, 4, 8
sent_29, 2, 1, 2, 5
sent_30, 4, 2, 4, 8
sent_31, 8, 5, 11, 18
sent_32, 3, 1, 3, 4
sent_33, 7, 4, 8, 15
sent_34, 5, 4, 7, 12
sent_35, 7, 4, 7, 13
sent_36, 7, 3, 7, 13
sent_37, 9, 3, 7, 14
sent_38, 7, 3, 7, 11
