sent_1, 8, 5, 10, 15
sent_2, 11, 6, 10, 20
sent_3, 11, 7, 8, 15
sent_4, 9, 8, 12, 21
sent_5, 13, 4, 11, 21
sent_6, 7, 3, 10, 22
sent_7, 4, 4, 8, 19
sent_8, 1, 1, 2, 2
sent_9, 8, 7, 12, 23
sent_10, 12, 7, 12, 21
sent_11, 8, 6, 13, 23
sent_12, 5, 3, 6, 15
sent_13, 4, 2, 5, 12
sent_14, 9, 4, 8, 15
sent_15, 5, 2, 4, 8
sent_16, 6, 1, 6, 20
sent_17, 7, 3, 7, 17
sent_18, 5, 2, 5, 17
sent_19, 7, 6, 10, 27
sent_20, 6, 3, 7, 15
sent_21, 1, 1, 2, 2
sent_22, 6, 6, 9, 16
sent_23, 2, 2, 4, 7
sent_24, 9, 9, 13, 25
sent_25, 5, 5, 10, 21
sent_26, 3, 3, 5, 12
