sent_1, 10, 3, 6, 12
sent_2, 11, 2, 6, 18
sent_3, 4, 0, 3, 8
sent_4, 12, 4, 12, 31
sent_5, 8, 6, 10, 20
sent_6, 4, 1, 2, 2
sent_7, 9, 2, 7, 15
sent_8, 4, 5, 8, 14
sent_9, 7, 6, 9, 21
sent_10, 6, 2, 5, 7
sent_11, 5, 4, 9, 16
sent_12, 5, 4, 9, 25
sent_13, 10, 4, 10, 22
sent_14, 8, 2, 5, 10
sent_15, 4, 2, 4, 6
sent_16, 12, 5, 8, 15
sent_17, 5, 4, 8, 12
sent_18, 2, 1, 3, 12
sent_19, 5, 4, 5, 12
sent_20, 11, 4, 11, 21
sent_21, 12, 3, 7, 15
sent_22, 9, 4, 7, 13
sent_23, 12, 5, 10, 21
sent_24, 4, 1, 2, 5
sent_25, 6, 5, 7, 11
sent_26, 11, 9, 14, 24
sent_27, 2, 1, 1, 1
sent_28, 4, 4, 7, 15
sent_29, 3, 5, 8, 14
