sent_1, 12, 6, 10, 20
sent_2, 10, 3, 6, 9
sent_3, 6, 0, 1, 1
sent_4, 4, 3, 7, 14
sent_5, 10, 3, 6, 11
sent_6, 10, 8, 14, 31
sent_7, 11, 7, 14, 29
sent_8, 14, 9, 16, 28
sent_9, 6, 2, 5, 10
sent_10, 3, 5, 8, 19
sent_11, 12, 6, 14, 27
sent_12, 4, 4, 5, 10
sent_13, 4, 3, 6, 13
sent_14, 5, 3, 5, 9
sent_15, 4, 2, 5, 9
sent_16, 2, 2, 4, 10
sent_17, 4, 1, 3, 9
sent_18, 1, 1, 2, 4
sent_19, 10, 4, 8, 18
sent_20, 2, 1, 2, 9
sent_21, 13, 4, 8, 14
sent_22, 3, 2, 3, 4
sent_23, 10, 6, 9, 16
sent_24, 2, 1, 3, 4
sent_25, 12, 4, 11, 22
sent_26, 8, 4, 9, 20
sent_27, 1, 1, 2, 4
sent_28, 22, 4, 10, 22
sent_29, 11, 4, 11, 25
sent_30, 5, 1, 4, 9
sent_31, 2, 4, 6, 13
sent_32, 11, 2, 5, 11
sent_33, 6, 4, 6, 15
sent_34, 6, 2, 4, 8
sent_35, 12, 5, 11, 22
sent_36, 9, 6, 10, 19
sent_37, 6, 3, 7, 15
sent_38, 4, 6, 10, 19
sent_39, 1, 1, 2, 5
sent_40, 6, 3, 5, 7
sent_41, 4, 8, 10, 23
sent_42, 3, 2, 5, 15
sent_43, 2, 4, 6, 13
sent_44, 3, 4, 7, 14
sent_45, 3, 3, 5, 9
sent_46, 10, 7, 14, 30
sent_47, 5, 5, 9, 21
sent_48, 3, 1, 4, 11
sent_49, 4, 2, 4, 11
sent_50, 2, 3, 5, 11
