sent_1, 3, 2, 5, 20
sent_2, 6, 3, 7, 18
sent_3, 6, 2, 5, 11
sent_4, 5, 1, 3, 15
sent_5, 4, 2, 4, 15
sent_6, 3, 2, 5, 13
sent_7, 8, 4, 9, 23
sent_8, 6, 3, 6, 18
sent_9, 5, 2, 5, 17
sent_10, 9, 1, 3, 7
sent_11, 7, 2, 7, 11
sent_12, 2, 3, 4, 9
sent_13, 14, 7, 13, 25
sent_14, 8, 3, 7, 12
sent_15, 10, 6, 12, 27
sent_16, 6, 1, 4, 12
sent_17, 14, 5, 13, 24
sent_18, 5, 2, 5, 14
sent_19, 3, 2, 2, 5
sent_20, 1, 1, 2, 2
sent_21, 6, 4, 7, 11
sent_22, 3, 0, 1, 1
sent_23, 5, 2, 7, 14
sent_24, 2, 1, 3, 6
sent_25, 4, 1, 3, 6
sent_26, 8, 3, 7, 20
sent_27, 11, 1, 5, 12
sent_28, 11, 4, 9, 20
sent_29, 4, 2, 6, 17
