sent_1, 9, 3, 7, 12
sent_2, 7, 4, 8, 19
sent_3, 6, 6, 9, 17
sent_4, 7, 3, 7, 16
sent_5, 6, 3, 7, 14
sent_6, 11, 5, 11, 27
sent_7, 12, 2, 6, 12
sent_8, 8, 1, 2, 4
sent_9, 6, 3, 7, 10
sent_10, 9, 4, 9, 13
sent_11, 12, 5, 11, 23
sent_12, 6, 4, 9, 16
sent_13, 3, 4, 5, 13
sent_14, 3, 2, 5, 15
sent_15, 5, 5, 7, 16
sent_16, 3, 1, 3, 6
sent_17, 4, 4, 8, 14
sent_18, 10, 4, 9, 19
sent_19, 9, 5, 12, 27
sent_20, 8, 2, 6, 13
sent_21, 5, 2, 3, 4
sent_22, 0, 1, 1, 4
sent_23, 6, 6, 12, 27
sent_24, 8, 5, 9, 17
sent_25, 1, 3, 4, 9
sent_26, 2, 3, 5, 11
sent_27, 6, 3, 6, 14
sent_28, 9, 4, 9, 17
sent_29, 14, 9, 18, 35
sent_30, 7, 4, 8, 17
sent_31, 8, 5, 9, 16
sent_32, 9, 3, 6, 16
sent_33, 6, 3, 7, 17
sent_34, 8, 4, 7, 12
sent_35, 7, 3, 5, 8
