sent_1, 4, 1, 2, 3
sent_2, 8, 5, 9, 20
sent_3, 11, 3, 8, 16
sent_4, 9, 3, 7, 12
sent_5, 9, 4, 8, 14
sent_6, 8, 4, 7, 12
sent_7, 10, 4, 9, 15
sent_8, 10, 5, 10, 21
sent_9, 5, 3, 5, 11
sent_10, 6, 2, 4, 8
sent_11, 9, 4, 9, 17
sent_12, 9, 2, 3, 4
sent_13, 9, 2, 6, 13
sent_14, 5, 4, 7, 12
sent_15, 1, 0, 1, 1
sent_16, 10, 8, 16, 25
sent_17, 9, 4, 9, 17
sent_18, 3, 2, 5, 9
sent_19, 1, 2, 3, 6
sent_20, 4, 3, 5, 8
sent_21, 3, 7, 10, 22
sent_22, 9, 5, 8, 12
sent_23, 2, 3, 5, 9
sent_24, 4, 5, 9, 14
sent_25, 7, 5, 8, 11
sent_26, 3, 5, 8, 14
