sent_1, 9, 3, 6, 15
sent_2, 5, 5, 8, 14
sent_3, 5, 3, 8, 15
sent_4, 2, 1, 3, 6
sent_5, 13, 5, 11, 18
sent_6, 1, 2, 3, 6
sent_7, 7, 3, 7, 15
sent_8, 6, 4, 7, 13
sent_9, 2, 1, 2, 3
sent_10, 8, 4, 7, 22
sent_11, 8, 3, 9, 16
sent_12, 7, 3, 5, 7
sent_13, 5, 2, 4, 8
sent_14, 9, 5, 9, 15
sent_15, 6, 4, 8, 15
sent_16, 7, 1, 6, 15
sent_17, 7, 2, 3, 10
sent_18, 4, 4, 7, 16
sent_19, 1, 1, 2, 4
sent_20, 7, 2, 7, 15
sent_21, 6, 3, 6, 10
sent_22, 6, 3, 5, 11
sent_23, 5, 3, 6, 12
sent_24, 2, 1, 2, 5
sent_25, 9, 4, 10, 18
sent_26, 8, 2, 6, 12
sent_27, 3, 3, 5, 7
sent_28, 7, 5, 8, 25
sent_29, 2, 0, 1, 1
sent_30, 6, 3, 9, 16
sent_31, 3, 4, 7, 12
sent_32, 5, 2, 5, 8
sent_33, 6, 4, 8, 12
sent_34, 5, 2, 5, 13
sent_35, 9, 4, 7, 12
sent_36, 1, 2, 3, 5
sent_37, 5, 2, 4, 9
sent_38, 4, 2, 5, 9
sent_39, 3, 1, 2, 6
sent_40, 6, 1, 5, 10
sent_41, 3, 2, 3, 5
sent_42, 4, 1, 2, 3
sent_43, 8, 3, 9, 20
sent_44, 7, 4, 8, 15
sent_45, 11, 3, 6, 12
sent_46, 7, 2, 5, 7
sent_47, 7, 5, 8, 18
sent_48, 8, 5, 10, 15
sent_49, 11, 2, 5, 7
sent_50, 3, 1, 3, 10
