sent_1, 7, 3, 6, 11
sent_2, 7, 3, 6, 11
sent_3, 3, 2, 5, 15
sent_4, 10, 3, 7, 16
sent_5, 8, 7, 11, 21
sent_6, 8, 3, 8, 14
sent_7, 13, 4, 10, 18
sent_8, 4, 0, 3, 7
sent_9, 5, 2, 6, 15
sent_10, 4, 1, 2, 6
sent_11, 4, 2, 5, 8
sent_12, 6, 1, 2, 3
sent_13, 4, 1, 3, 11
sent_14, 8, 5, 9, 17
sent_15, 8, 3, 7, 11
sent_16, 7, 3, 8, 15
sent_17, 10, 3, 8, 13
sent_18, 7, 5, 8, 12
sent_19, 6, 4, 8, 16
sent_20, 9, 2, 5, 11
sent_21, 9, 3, 7, 15
sent_22, 7, 3, 8, 15
sent_23, 10, 2, 5, 8
sent_24, 4, 3, 6, 11
sent_25, 4, 1, 5, 9
sent_26, 8, 2, 8, 26
sent_27, 7, 4, 9, 19
sent_28, 13, 3, 8, 18
