sent_1, 7, 3, 8, 19
sent_2, 10, 4, 8, 13
sent_3, 7, 2, 7, 14
sent_4, 7, 3, 6, 9
sent_5, 11, 5, 9, 18
sent_6, 11, 8, 12, 22
sent_7, 3, 0, 2, 3
sent_8, 5, 1, 3, 5
sent_9, 5, 2, 3, 4
sent_10, 5, 2, 5, 7
sent_11, 5, 2, 4, 10
sent_12, 9, 5, 12, 23
sent_13, 8, 3, 6, 11
sent_14, 6, 1, 5, 10
sent_15, 6, 3, 6, 8
sent_16, 8, 2, 8, 21
sent_17, 6, 2, 6, 12
sent_18, 4, 1, 3, 4
sent_19, 4, 3, 7, 12
sent_20, 4, 1, 4, 9
sent_21, 5, 1, 4, 9
sent_22, 5, 3, 7, 13
sent_23, 8, 2, 5, 9
sent_24, 3, 2, 4, 11
sent_25, 7, 3, 6, 12
sent_26, 5, 4, 6, 11
sent_27, 6, 3, 8, 21
sent_28, 7, 3, 7, 12
sent_29, 8, 4, 8, 13
sent_30, 8, 2, 6, 11
sent_31, 10, 5, 11, 25
sent_32, 14, 4, 12, 21
sent_33, 9, 3, 8, 15
