sent_1, 0, 1, 1, 2
sent_2, 4, 1, 3, 10
sent_3, 2, 2, 4, 7
sent_4, 10, 2, 6, 14
sent_5, 5, 5, 9, 16
sent_6, 6, 0, 2, 5
sent_7, 5, 1, 3, 6
sent_8, 3, 1, 3, 7
sent_9, 4, 2, 4, 16
sent_10, 4, 4, 8, 22
sent_11, 5, 2, 5, 10
sent_12, 3, 2, 3, 6
sent_13, 5, 2, 4, 14
sent_14, 10, 4, 7, 19
sent_15, 4, 1, 5, 14
sent_16, 3, 3, 6, 13
sent_17, 8, 3, 8, 17
sent_18, 11, 6, 13, 28
sent_19, 2, 0, 1, 5
sent_20, 3, 4, 6, 12
sent_21, 5, 7, 11, 22
sent_22, 4, 6, 8, 23
sent_23, 5, 2, 4, 11
sent_24, 2, 1, 1, 2
sent_25, 3, 0, 2, 4
sent_26, 6, 4, 8, 15
sent_27, 3, 3, 5, 9
sent_28, 4, 1, 3, 4
sent_29, 7, 4, 9, 15
sent_30, 4, 3, 6, 13
sent_31, 4, 4, 8, 13
sent_32, 7, 1, 4, 9
sent_33, 7, 2, 6, 10
sent_34, 5, 2, 6, 11
sent_35, 3, 1, 3, 6
sent_36, 6, 4, 7, 13
sent_37, 3, 3, 6, 13
sent_38, 3, 2, 4, 7
sent_39, 4, 3, 7, 11
sent_40, 2, 2, 3, 7
sent_41, 2, 2, 4, 6
sent_42, 6, 3, 6, 12
