sent_1, 4, 2, 4, 11
sent_2, 6, 3, 7, 15
sent_3, 7, 4, 7, 18
sent_4, 7, 2, 5, 9
sent_5, 7, 3, 7, 11
sent_6, 3, 1, 4, 9
sent_7, 4, 1, 4, 14
sent_8, 5, 1, 3, 7
sent_9, 5, 4, 8, 20
sent_10, 3, 3, 5, 9
sent_11, 9, 3, 7, 14
sent_12, 5, 2, 4, 9
sent_13, 5, 2, 6, 12
sent_14, 10, 3, 8, 13
sent_15, 7, 5, 10, 17
sent_16, 8, 3, 6, 12
sent_17, 2, 1, 1, 1
sent_18, 6, 3, 7, 15
sent_19, 7, 3, 6, 10
sent_20, 7, 3, 7, 16
sent_21, 3, 1, 4, 9
sent_22, 6, 3, 6, 9
sent_23, 6, 1, 4, 7
sent_24, 6, 4, 9, 23
sent_25, 9, 3, 7, 11
sent_26, 10, 4, 9, 24
sent_27, 5, 3, 4, 8
sent_28, 6, 2, 6, 10
sent_29, 6, 5, 10, 19
sent_30, 10, 4, 9, 21
