sent_1, 4, 0, 1, 1
sent_2, 9, 3, 9, 20
sent_3, 6, 1, 4, 11
sent_4, 8, 3, 7, 25
sent_5, 6, 4, 7, 10
sent_6, 11, 3, 6, 12
sent_7, 3, 3, 4, 9
sent_8, 4, 1, 3, 8
sent_9, 7, 4, 7, 16
sent_10, 11, 7, 14, 28
sent_11, 10, 5, 9, 21
sent_12, 4, 2, 3, 7
sent_13, 9, 6, 11, 21
sent_14, 7, 3, 6, 14
sent_15, 6, 3, 5, 8
sent_16, 8, 3, 9, 19
sent_17, 5, 1, 4, 7
sent_18, 3, 2, 4, 7
sent_19, 3, 2, 5, 8
sent_20, 1, 2, 3, 10
sent_21, 5, 3, 5, 10
sent_22, 3, 2, 4, 5
sent_23, 8, 4, 8, 14
sent_24, 5, 2, 4, 7
sent_25, 3, 2, 5, 11
sent_26, 3, 1, 3, 6
sent_27, 6, 2, 5, 9
sent_28, 4, 2, 4, 6
sent_29, 2, 2, 4, 6
sent_30, 3, 2, 4, 13
sent_31, 1, 1, 2, 4
