sent_1, 7, 2, 4, 6
sent_2, 6, 3, 4, 7
sent_3, 5, 2, 5, 11
sent_4, 6, 4, 8, 20
sent_5, 4, 3, 6, 9
sent_6, 3, 2, 4, 8
sent_7, 8, 3, 7, 17
sent_8, 5, 3, 6, 15
sent_9, 7, 2, 5, 13
sent_10, 5, 1, 4, 7
sent_11, 3, 1, 3, 6
sent_12, 6, 2, 6, 12
sent_13, 4, 1, 3, 5
sent_14, 4, 1, 4, 7
sent_15, 7, 2, 7, 15
sent_16, 2, 1, 3, 5
sent_17, 5, 3, 7, 16
sent_18, 8, 3, 5, 10
sent_19, 6, 4, 8, 14
sent_20, 8, 3, 7, 15
sent_21, 4, 2, 4, 8
sent_22, 4, 2, 5, 8
sent_23, 6, 1, 5, 15
sent_24, 3, 2, 4, 7
sent_25, 6, 3, 5, 8
sent_26, 2, 5, 7, 17
sent_27, 2, 5, 7, 16
sent_28, 7, 4, 9, 26
sent_29, 7, 4, 8, 18
sent_30, 4, 1, 4, 12
sent_31, 2, 1, 3, 11
sent_32, 4, 2, 4, 9
sent_33, 1, 1, 2, 3
sent_34, 3, 2, 5, 12
sent_35, 8, 2, 4, 7
sent_36, 3, 1, 2, 3
sent_37, 6, 2, 5, 8
sent_38, 3, 2, 4, 8
sent_39, 3, 3, 6, 9
sent_40, 6, 1, 3, 8
sent_41, 1, 2, 3, 8
sent_42, 0, 0, 0, 0
sent_43, 2, 1, 3, 6
sent_44, 3, 3, 6, 12
sent_45, 4, 1, 3, 6
sent_46, 5, 2, 5, 9
sent_47, 4, 3, 7, 17
sent_48, 5, 2, 4, 7
sent_49, 6, 3, 7, 10
sent_50, 7, 0, 3, 8
sent_51, 8, 3, 8, 23
sent_52, 2, 1, 1, 3
sent_53, 6, 6, 10, 19
sent_54, 1, 2, 3, 7
sent_55, 1, 1, 2, 6
sent_56, 4, 2, 4, 9
sent_57, 6, 1, 5, 15
sent_58, 4, 1, 4, 9
sent_59, 2, 1, 3, 7
sent_60, 2, 2, 4, 6
sent_61, 3, 1, 3, 8
sent_62, 5, 2, 6, 13
sent_63, 8, 2, 6, 12
sent_64, 2, 2, 2, 7
sent_65, 8, 6, 11, 18
sent_66, 3, 1, 3, 8
sent_67, 3, 3, 4, 9
sent_68, 1, 2, 3, 6
sent_69, 5, 3, 7, 14
sent_70, 7, 2, 6, 14
sent_71, 7, 1, 4, 6
sent_72, 7, 3, 7, 13
sent_73, 9, 3, 8, 14
sent_74, 2, 2, 2, 2
sent_75, 11, 3, 7, 12
