sent_1, 7, 2, 7, 14
sent_2, 10, 3, 9, 27
sent_3, 7, 3, 7, 17
sent_4, 2, 1, 3, 8
sent_5, 4, 2, 5, 9
sent_6, 9, 1, 6, 13
sent_7, 3, 3, 5, 8
sent_8, 1, 4, 5, 12
sent_9, 2, 3, 4, 12
sent_10, 7, 5, 7, 15
sent_11, 4, 1, 3, 8
sent_12, 1, 1, 2, 5
sent_13, 1, 1, 2, 4
sent_14, 8, 4, 11, 22
sent_15, 6, 2, 5, 9
sent_16, 3, 1, 2, 4
sent_17, 4, 3, 6, 11
sent_18, 10, 4, 8, 19
sent_19, 5, 2, 4, 7
sent_20, 7, 3, 7, 10
sent_21, 5, 1, 4, 13
sent_22, 4, 2, 4, 8
sent_23, 5, 3, 7, 11
sent_24, 3, 1, 3, 6
sent_25, 9, 3, 6, 14
sent_26, 7, 4, 8, 17
sent_27, 2, 1, 3, 8
sent_28, 9, 5, 7, 18
sent_29, 8, 3, 8, 18
