sent_1, 7, 4, 8, 12
sent_2, 6, 2, 3, 7
sent_3, 6, 4, 9, 18
sent_4, 7, 3, 7, 12
sent_5, 6, 4, 6, 13
sent_6, 9, 5, 11, 22
sent_7, 8, 5, 8, 17
sent_8, 2, 3, 5, 13
sent_9, 4, 2, 4, 9
sent_10, 11, 7, 12, 24
sent_11, 4, 4, 7, 12
sent_12, 4, 3, 7, 14
sent_13, 6, 2, 6, 11
sent_14, 6, 5, 11, 20
sent_15, 5, 1, 2, 3
sent_16, 3, 3, 6, 17
sent_17, 3, 4, 7, 19
sent_18, 5, 3, 6, 18
sent_19, 5, 7, 12, 30
sent_20, 6, 2, 6, 14
sent_21, 3, 1, 4, 11
sent_22, 7, 3, 6, 16
sent_23, 3, 4, 7, 15
sent_24, 10, 5, 9, 17
sent_25, 9, 3, 8, 16
sent_26, 4, 3, 5, 12
sent_27, 5, 1, 3, 5
sent_28, 5, 2, 5, 12
sent_29, 2, 2, 2, 7
sent_30, 7, 4, 7, 11
sent_31, 18, 4, 8, 14
