sent_1, 6, 4, 8, 15
sent_2, 7, 3, 6, 15
sent_3, 5, 6, 11, 18
sent_4, 10, 5, 9, 20
sent_5, 6, 5, 10, 22
sent_6, 5, 4, 6, 12
sent_7, 5, 2, 6, 15
sent_8, 9, 3, 5, 9
sent_9, 10, 4, 8, 15
sent_10, 6, 5, 10, 18
sent_11, 4, 2, 5, 12
sent_12, 11, 5, 12, 23
sent_13, 3, 4, 7, 11
sent_14, 10, 10, 15, 27
sent_15, 4, 4, 8, 12
sent_16, 1, 0, 1, 2
sent_17, 4, 5, 9, 14
sent_18, 4, 5, 9, 24
sent_19, 7, 3, 6, 10
sent_20, 3, 2, 5, 12
sent_21, 5, 3, 6, 11
sent_22, 4, 7, 11, 26
sent_23, 8, 2, 7, 19
sent_24, 3, 3, 5, 13
sent_25, 6, 3, 4, 6
sent_26, 1, 0, 1, 1
sent_27, 5, 2, 3, 5
sent_28, 5, 3, 4, 6
sent_29, 4, 2, 3, 6
sent_30, 12, 5, 12, 24
sent_31, 5, 3, 5, 9
sent_32, 6, 2, 4, 7
sent_33, 6, 3, 5, 10
sent_34, 4, 3, 6, 9
sent_35, 8, 6, 9, 21
sent_36, 6, 3, 5, 8
sent_37, 3, 5, 7, 11
sent_38, 4, 5, 9, 21
sent_39, 2, 2, 2, 5
