sent_1, 8, 3, 7, 13
sent_2, 6, 2, 5, 10
sent_3, 11, 4, 11, 30
sent_4, 7, 2, 7, 15
sent_5, 4, 1, 4, 7
sent_6, 4, 3, 4, 7
sent_7, 4, 2, 5, 11
sent_8, 7, 3, 6, 13
sent_9, 8, 3, 7, 18
sent_10, 5, 1, 4, 7
sent_11, 5, 3, 6, 11
sent_12, 4, 1, 4, 10
sent_13, 8, 2, 4, 7
sent_14, 6, 7, 12, 28
sent_15, 6, 5, 9, 15
sent_16, 8, 2, 5, 10
sent_17, 6, 2, 4, 7
sent_18, 8, 3, 6, 9
sent_19, 4, 1, 3, 6
sent_20, 7, 5, 9, 16
sent_21, 7, 3, 5, 7
sent_22, 9, 2, 4, 7
sent_23, 8, 1, 3, 8
sent_24, 9, 1, 5, 11
sent_25, 4, 2, 4, 6
sent_26, 8, 1, 3, 7
sent_27, 5, 2, 3, 5
sent_28, 11, 3, 6, 8
sent_29, 9, 7, 14, 34
sent_30, 3, 4, 6, 13
sent_31, 9, 4, 8, 16
sent_32, 8, 3, 7, 16
sent_33, 5, 3, 8, 14
sent_34, 8, 3, 8, 26
sent_35, 4, 2, 4, 9
sent_36, 11, 4, 9, 18
sent_37, 4, 3, 7, 15
sent_38, 7, 2, 5, 11
sent_39, 4, 2, 4, 7
sent_40, 6, 2, 5, 14
sent_41, 4, 1, 3, 6
sent_42, 7, 2, 6, 15
sent_43, 4, 1, 3, 6
sent_44, 7, 2, 6, 15
sent_45, 4, 2, 4, 7
