sent_1, 10, 4, 9, 18
sent_2, 7, 4, 7, 12
sent_3, 9, 3, 7, 16
sent_4, 11, 3, 8, 18
sent_5, 5, 4, 6, 11
sent_6, 4, 2, 6, 13
sent_7, 9, 3, 7, 12
sent_8, 8, 4, 10, 20
sent_9, 9, 3, 6, 17
sent_10, 16, 5, 12, 29
sent_11, 6, 3, 7, 16
sent_12, 11, 5, 12, 20
sent_13, 6, 4, 8, 15
sent_14, 7, 4, 8, 14
sent_15, 4, 4, 7, 18
sent_16, 3, 2, 4, 7
sent_17, 5, 2, 5, 8
sent_18, 2, 1, 2, 4
sent_19, 8, 6, 10, 19
sent_20, 5, 6, 9, 17
sent_21, 5, 4, 8, 13
sent_22, 9, 3, 11, 26
sent_23, 5, 2, 4, 7
sent_24, 4, 4, 7, 14
sent_25, 6, 3, 7, 15
