sent_1, 9, 2, 5, 8
sent_2, 8, 4, 9, 17
sent_3, 5, 3, 4, 6
sent_4, 2, 1, 3, 4
sent_5, 5, 3, 6, 16
sent_6, 1, 3, 4, 8
sent_7, 4, 4, 7, 14
sent_8, 5, 3, 6, 9
sent_9, 10, 4, 8, 15
sent_10, 10, 3, 8, 16
sent_11, 5, 2, 5, 8
sent_12, 8, 3, 8, 13
sent_13, 7, 3, 7, 10
sent_14, 10, 6, 11, 21
sent_15, 7, 4, 8, 14
sent_16, 9, 3, 7, 12
sent_17, 2, 3, 5, 14
sent_18, 5, 2, 5, 10
sent_19, 5, 2, 5, 7
sent_20, 4, 2, 3, 6
sent_21, 1, 1, 2, 2
sent_22, 7, 2, 6, 13
sent_23, 7, 5, 9, 18
sent_24, 6, 3, 7, 11
sent_25, 2, 2, 4, 6
sent_26, 3, 3, 4, 12
sent_27, 5, 2, 4, 5
sent_28, 5, 3, 6, 12
sent_29, 8, 4, 10, 15
sent_30, 7, 3, 6, 12
sent_31, 4, 3, 6, 8
sent_32, 2, 2, 4, 6
sent_33, 3, 3, 4, 5
sent_34, 0, 2, 2, 8
sent_35, 6, 5, 10, 19
sent_36, 5, 2, 4, 6
sent_37, 6, 4, 8, 13
sent_38, 7, 5, 8, 19
sent_39, 8, 1, 4, 6
sent_40, 5, 3, 7, 11
sent_41, 7, 2, 4, 5
sent_42, 7, 2, 6, 12
sent_43, 5, 1, 2, 3
sent_44, 4, 2, 5, 8
sent_45, 5, 3, 5, 7
sent_46, 3, 1, 3, 4
sent_47, 6, 1, 4, 8
sent_48, 4, 1, 2, 3
sent_49, 5, 2, 4, 6
sent_50, 3, 3, 6, 11
sent_51, 7, 2, 6, 13
sent_52, 3, 1, 3, 6
sent_53, 2, 1, 3, 4
sent_54, 3, 3, 4, 10
