sent_1, 13, 3, 4, 7
sent_2, 5, 5, 8, 13
sent_3, 6, 2, 4, 9
sent_4, 7, 7, 13, 21
sent_5, 3, 2, 3, 4
sent_6, 6, 3, 5, 8
sent_7, 6, 1, 3, 5
sent_8, 5, 2, 4, 8
sent_9, 12, 4, 7, 16
sent_10, 4, 1, 2, 3
sent_11, 7, 4, 8, 14
sent_12, 4, 1, 3, 5
sent_13, 4, 3, 7, 11
sent_14, 2, 1, 2, 4
sent_15, 1, 2, 3, 4
sent_16, 7, 3, 5, 7
sent_17, 4, 4, 7, 10
sent_18, 4, 3, 5, 13
sent_19, 3, 3, 6, 13
sent_20, 3, 1, 2, 2
sent_21, 6, 5, 11, 17
sent_22, 4, 2, 3, 5
sent_23, 7, 2, 5, 10
sent_24, 7, 3, 6, 8
sent_25, 4, 2, 4, 8
sent_26, 7, 4, 8, 14
sent_27, 7, 4, 9, 16
sent_28, 7, 7, 11, 23
sent_29, 6, 4, 9, 18
sent_30, 9, 2, 8, 19
sent_31, 3, 2, 4, 5
sent_32, 3, 2, 3, 6
sent_33, 4, 5, 8, 14
sent_34, 10, 2, 6, 10
sent_35, 5, 7, 12, 24
sent_36, 6, 2, 4, 7
sent_37, 9, 4, 10, 19
sent_38, 4, 1, 2, 8
