sent_1, 14, 4, 10, 19
sent_2, 11, 4, 8, 13
sent_3, 5, 4, 9, 16
sent_4, 6, 3, 7, 15
sent_5, 11, 5, 8, 15
sent_6, 3, 4, 7, 13
sent_7, 3, 3, 5, 8
sent_8, 13, 6, 14, 24
sent_9, 10, 4, 9, 16
sent_10, 5, 4, 6, 10
sent_11, 11, 8, 13, 22
sent_12, 7, 3, 6, 10
sent_13, 1, 2, 3, 6
sent_14, 1, 2, 3, 5
sent_15, 5, 3, 7, 11
sent_16, 6, 1, 4, 7
sent_17, 5, 2, 6, 13
sent_18, 3, 2, 4, 8
sent_19, 0, 1, 1, 4
sent_20, 6, 1, 3, 4
sent_21, 11, 10, 16, 34
sent_22, 9, 6, 11, 22
sent_23, 12, 8, 15, 27
sent_24, 6, 3, 6, 10
sent_25, 4, 5, 9, 18
sent_26, 9, 5, 10, 19
sent_27, 6, 5, 9, 17
sent_28, 8, 3, 6, 14
sent_29, 13, 4, 8, 16
sent_30, 14, 8, 14, 29
sent_31, 4, 4, 8, 13
sent_32, 8, 2, 5, 11
sent_33, 6, 5, 10, 20
