sent_1, 9, 4, 8, 11
sent_2, 7, 2, 5, 11
sent_3, 5, 2, 4, 6
sent_4, 6, 1, 3, 8
sent_5, 4, 3, 5, 12
sent_6, 5, 2, 4, 7
sent_7, 6, 2, 6, 12
sent_8, 4, 2, 6, 14
sent_9, 4, 2, 4, 9
sent_10, 6, 4, 8, 19
sent_11, 7, 5, 11, 22
sent_12, 6, 2, 6, 11
sent_13, 3, 5, 6, 15
sent_14, 2, 2, 3, 7
sent_15, 6, 4, 9, 21
sent_16, 1, 4, 5, 12
sent_17, 2, 2, 4, 6
sent_18, 3, 2, 3, 6
sent_19, 5, 1, 3, 5
sent_20, 10, 5, 7, 13
sent_21, 4, 2, 4, 8
sent_22, 5, 4, 9, 15
sent_23, 6, 4, 7, 18
sent_24, 3, 1, 4, 10
sent_25, 11, 2, 5, 10
sent_26, 2, 2, 3, 7
sent_27, 7, 3, 6, 9
