sent_1, 8, 3, 8, 20
sent_2, 5, 2, 4, 8
sent_3, 10, 3, 7, 16
sent_4, 9, 6, 15, 32
sent_5, 3, 4, 7, 16
sent_6, 8, 7, 12, 29
sent_7, 4, 2, 4, 10
sent_8, 5, 2, 6, 16
sent_9, 5, 4, 8, 20
sent_10, 6, 3, 6, 16
sent_11, 7, 3, 7, 16
sent_12, 4, 3, 5, 12
sent_13, 3, 4, 6, 14
sent_14, 6, 3, 8, 22
sent_15, 6, 1, 4, 10
sent_16, 7, 2, 4, 8
sent_17, 8, 5, 10, 23
sent_18, 7, 6, 9, 14
sent_19, 3, 2, 5, 16
sent_20, 1, 2, 3, 9
sent_21, 4, 2, 4, 11
sent_22, 11, 3, 8, 17
sent_23, 4, 2, 5, 11
sent_24, 8, 3, 5, 11
sent_25, 12, 4, 9, 20
sent_26, 5, 4, 6, 12
sent_27, 6, 2, 5, 9
sent_28, 5, 4, 7, 14
sent_29, 4, 6, 9, 21
