sent_1, 12, 4, 8, 16
sent_2, 5, 5, 9, 18
sent_3, 4, 4, 8, 21
sent_4, 6, 8, 12, 25
sent_5, 11, 6, 11, 24
sent_6, 3, 3, 6, 12
sent_7, 9, 3, 5, 12
sent_8, 3, 2, 5, 10
sent_9, 6, 2, 5, 8
sent_10, 3, 4, 7, 12
sent_11, 4, 1, 2, 3
sent_12, 4, 2, 4, 11
sent_13, 2, 2, 4, 7
sent_14, 6, 2, 6, 11
sent_15, 4, 2, 4, 13
sent_16, 5, 3, 6, 12
sent_17, 4, 1, 4, 10
sent_18, 5, 3, 7, 14
sent_19, 5, 1, 2, 3
sent_20, 3, 2, 4, 10
sent_21, 7, 6, 10, 22
sent_22, 3, 2, 2, 4
sent_23, 5, 2, 4, 14
sent_24, 3, 2, 4, 10
sent_25, 4, 2, 4, 6
sent_26, 7, 2, 5, 9
sent_27, 7, 2, 5, 10
sent_28, 7, 4, 9, 16
sent_29, 9, 3, 7, 17
sent_30, 6, 6, 10, 26
sent_31, 6, 4, 6, 10
sent_32, 4, 1, 1, 2
sent_33, 5, 4, 7, 11
sent_34, 5, 1, 3, 5
sent_35, 7, 7, 12, 22
sent_36, 3, 2, 3, 5
