sent_1, 2, 2, 4, 7
sent_2, 9, 3, 8, 18
sent_3, 7, 4, 8, 15
sent_4, 8, 4, 7, 14
sent_5, 7, 4, 9, 17
sent_6, 3, 3, 6, 9
sent_7, 6, 4, 8, 20
sent_8, 8, 2, 5, 8
sent_9, 7, 5, 11, 21
sent_10, 6, 8, 11, 22
sent_11, 3, 1, 3, 4
sent_12, 5, 3, 7, 11
sent_13, 8, 2, 8, 23
sent_14, 9, 7, 12, 22
sent_15, 9, 5, 13, 25
sent_16, 8, 4, 7, 14
sent_17, 4, 1, 3, 9
sent_18, 7, 5, 9, 15
sent_19, 4, 1, 4, 8
sent_20, 9, 6, 10, 16
sent_21, 7, 7, 13, 29
sent_22, 6, 3, 6, 9
sent_23, 9, 6, 9, 16
sent_24, 8, 5, 10, 21
sent_25, 5, 1, 4, 8
sent_26, 7, 4, 6, 11
sent_27, 5, 4, 8, 12
sent_28, 8, 4, 8, 19
sent_29, 9, 4, 9, 15
sent_30, 3, 2, 3, 5
sent_31, 3, 1, 3, 4
sent_32, 4, 1, 3, 8
sent_33, 4, 3, 7, 13
sent_34, 15, 8, 14, 27
sent_35, 5, 2, 3, 5
sent_36, 5, 4, 7, 12
sent_37, 9, 4, 9, 15
sent_38, 5, 2, 6, 12
sent_39, 2, 1, 3, 4
sent_40, 5, 1, 3, 5
sent_41, 1, 3, 4, 14
sent_42, 6, 5, 9, 16
sent_43, 8, 3, 6, 12
sent_44, 4, 2, 4, 8
