sent_1, 3, 2, 5, 9
sent_2, 12, 4, 12, 24
sent_3, 5, 4, 8, 18
sent_4, 4, 4, 7, 16
sent_5, 7, 8, 13, 27
sent_6, 9, 2, 6, 15
sent_7, 7, 4, 9, 17
sent_8, 2, 2, 4, 6
sent_9, 14, 6, 14, 33
sent_10, 3, 2, 4, 6
sent_11, 13, 5, 11, 22
sent_12, 4, 3, 5, 10
sent_13, 11, 6, 12, 27
sent_14, 11, 5, 11, 22
sent_15, 9, 4, 6, 9
sent_16, 5, 1, 2, 3
sent_17, 5, 1, 5, 11
sent_18, 6, 5, 10, 22
sent_19, 6, 3, 8, 12
sent_20, 6, 4, 9, 18
sent_21, 6, 5, 9, 16
sent_22, 2, 1, 3, 4
sent_23, 7, 5, 10, 20
sent_24, 6, 4, 8, 15
sent_25, 7, 3, 6, 11
sent_26, 8, 3, 8, 16
sent_27, 7, 2, 6, 12
sent_28, 7, 3, 5, 7
sent_29, 2, 1, 2, 5
sent_30, 7, 2, 6, 10
sent_31, 4, 2, 2, 4
sent_32, 2, 1, 3, 7
