sent_1, 1, 19, 1, 9, 9, 0, 0, 0, 1, 0, 2, 0
sent_2, 2, 19, 2, 9, 26, 0, 3, 1, 5, 0, 5, 0
<<<<<<< HEAD:classifiers/data/s4d14.txt
sent_3, 3, 19, 2, 9, 23, 0, 1, 1, 3, 1, 7, 1
=======
sent_3, 3, 19, 2, 9, 23, 0, 1, 1, 3, 1, 7, 0
>>>>>>> origin/master:classifiers/comcast_to_buy_time_warner_cable_1/features/doc_14_features.txt
sent_4, 4, 19, 3, 9, 21, 0, 0, 0, 0, 0, 5, 0
sent_5, 5, 19, 3, 9, 16, 0, 1, 1, 2, 0, 2, 0
sent_6, 6, 19, 4, 9, 24, 1, 6, 5, 3, 1, 3, 0
sent_7, 7, 19, 4, 9, 42, 1, 1, 0, 1, 0, 4, 0
sent_8, 8, 19, 5, 9, 22, 0, 3, 3, 3, 2, 5, 0
sent_9, 9, 19, 6, 9, 24, 0, 4, 4, 2, 0, 5, 0
sent_10, 10, 19, 6, 9, 29, 0, 3, 3, 3, 2, 5, 0
<<<<<<< HEAD:classifiers/data/s4d14.txt
sent_11, 11, 19, 6, 9, 21, 0, 2, 2, 1, 0, 4, 0
=======
sent_11, 11, 19, 6, 9, 21, 0, 2, 2, 1, 0, 4, 1
>>>>>>> origin/master:classifiers/comcast_to_buy_time_warner_cable_1/features/doc_14_features.txt
sent_12, 12, 19, 7, 9, 13, 0, 2, 2, 0, 1, 2, 0
sent_13, 13, 19, 8, 9, 20, 0, 4, 4, 2, 0, 2, 0
sent_14, 14, 19, 8, 9, 34, 1, 2, 1, 0, 0, 1, 0
sent_15, 15, 19, 8, 9, 28, 1, 2, 1, 2, 0, 2, 0
sent_16, 16, 19, 8, 9, 20, 1, 2, 0, 0, 0, 2, 0
sent_17, 17, 19, 9, 9, 27, 0, 1, 1, 0, 0, 2, 0
sent_18, 18, 19, 9, 9, 26, 0, 2, 2, 2, 1, 3, 0
sent_19, 19, 19, 9, 9, 12, 0, 2, 2, 0, 1, 2, 0
