sent_1, 2, 1, 3, 8
sent_2, 6, 3, 6, 18
sent_3, 1, 0, 1, 1
sent_4, 3, 2, 5, 13
sent_5, 0, 0, 0, 4
sent_6, 2, 1, 1, 1
sent_7, 6, 2, 5, 10
sent_8, 2, 1, 3, 11
sent_9, 1, 0, 1, 1
sent_10, 2, 1, 3, 11
sent_11, 4, 1, 4, 7
sent_12, 1, 0, 1, 1
sent_13, 2, 0, 2, 6
sent_14, 5, 1, 4, 8
sent_15, 2, 0, 1, 1
sent_16, 7, 1, 3, 9
sent_17, 2, 1, 3, 12
sent_18, 3, 1, 2, 5
sent_19, 4, 3, 4, 12
sent_20, 3, 1, 3, 8
sent_21, 2, 2, 4, 10
sent_22, 6, 1, 3, 7
sent_23, 9, 2, 3, 11
sent_24, 5, 2, 4, 8
sent_25, 6, 1, 4, 9
sent_26, 8, 2, 7, 17
sent_27, 1, 1, 2, 6
sent_28, 2, 0, 2, 6
sent_29, 2, 1, 3, 9
sent_30, 2, 0, 2, 4
sent_31, 3, 3, 5, 9
sent_32, 3, 2, 3, 9
sent_33, 1, 2, 3, 9
sent_34, 4, 4, 7, 14
sent_35, 1, 1, 2, 4
sent_36, 1, 1, 2, 5
sent_37, 3, 1, 3, 5
sent_38, 4, 5, 9, 19
sent_39, 2, 3, 5, 15
sent_40, 1, 1, 2, 7
sent_41, 9, 6, 11, 31
sent_42, 2, 1, 2, 4
sent_43, 2, 1, 3, 7
sent_44, 6, 4, 10, 25
sent_45, 1, 3, 4, 8
sent_46, 0, 1, 1, 4
sent_47, 4, 3, 7, 20
sent_48, 6, 2, 4, 8
sent_49, 2, 1, 2, 3
sent_50, 2, 1, 1, 1
sent_51, 8, 2, 8, 25
sent_52, 2, 5, 7, 14
sent_53, 6, 3, 7, 23
sent_54, 1, 2, 3, 11
sent_55, 9, 5, 12, 34
sent_56, 2, 1, 3, 8
sent_57, 2, 2, 4, 8
sent_58, 2, 3, 5, 9
sent_59, 1, 0, 1, 7
sent_60, 5, 3, 6, 13
sent_61, 3, 1, 4, 16
sent_62, 1, 1, 2, 7
sent_63, 3, 2, 2, 6
sent_64, 4, 3, 5, 13
sent_65, 4, 2, 5, 13
sent_66, 2, 2, 3, 7
sent_67, 3, 2, 3, 8
sent_68, 4, 3, 5, 14
sent_69, 2, 2, 3, 7
sent_70, 1, 0, 1, 4
sent_71, 2, 2, 4, 13
sent_72, 2, 1, 3, 4
sent_73, 5, 1, 4, 8
sent_74, 1, 1, 2, 8
sent_75, 0, 2, 2, 6
sent_76, 3, 2, 4, 9
sent_77, 1, 0, 1, 8
sent_78, 3, 1, 2, 5
sent_79, 4, 3, 5, 17
sent_80, 4, 1, 3, 8
sent_81, 4, 3, 4, 11
sent_82, 1, 3, 4, 14
sent_83, 1, 0, 1, 3
sent_84, 1, 1, 2, 7
sent_85, 6, 3, 8, 15
sent_86, 2, 0, 2, 3
sent_87, 3, 1, 3, 7
sent_88, 5, 4, 8, 16
sent_89, 0, 1, 1, 2
sent_90, 6, 4, 8, 21
sent_91, 3, 0, 2, 5
sent_92, 4, 5, 7, 23
sent_93, 3, 4, 6, 13
sent_94, 5, 1, 4, 14
sent_95, 3, 5, 8, 22
sent_96, 2, 3, 5, 13
sent_97, 1, 2, 3, 8
sent_98, 4, 1, 2, 4
sent_99, 1, 1, 2, 4
sent_100, 4, 2, 6, 17
sent_101, 2, 3, 5, 15
sent_102, 2, 3, 5, 17
sent_103, 4, 3, 7, 12
sent_104, 3, 3, 6, 21
sent_105, 5, 2, 6, 17
sent_106, 4, 1, 4, 11
sent_107, 1, 1, 2, 9
sent_108, 7, 3, 8, 19
sent_109, 3, 3, 5, 16
sent_110, 1, 1, 2, 4
sent_111, 2, 2, 4, 14
sent_112, 1, 0, 1, 2
