sent_1, 4, 3, 5, 14
sent_2, 3, 2, 4, 11
sent_3, 2, 2, 4, 11
sent_4, 4, 0, 3, 7
sent_5, 5, 1, 5, 16
sent_6, 7, 1, 4, 8
sent_7, 5, 1, 4, 8
sent_8, 6, 4, 8, 23
sent_9, 3, 0, 1, 2
sent_10, 3, 1, 3, 13
sent_11, 7, 2, 5, 9
sent_12, 4, 2, 4, 8
sent_13, 3, 1, 3, 12
sent_14, 12, 3, 11, 21
sent_15, 4, 2, 3, 4
sent_16, 6, 2, 6, 13
sent_17, 4, 2, 5, 9
sent_18, 3, 1, 4, 11
sent_19, 6, 0, 1, 1
sent_20, 6, 1, 5, 12
sent_21, 6, 1, 6, 17
sent_22, 1, 3, 4, 15
sent_23, 7, 1, 4, 15
sent_24, 8, 1, 4, 7
sent_25, 6, 0, 2, 3
sent_26, 2, 1, 1, 1
sent_27, 7, 2, 5, 12
sent_28, 5, 3, 7, 20
sent_29, 5, 3, 6, 13
sent_30, 2, 2, 4, 8
sent_31, 2, 2, 4, 7
sent_32, 4, 1, 3, 5
sent_33, 7, 3, 6, 12
sent_34, 5, 1, 4, 11
sent_35, 2, 1, 3, 4
sent_36, 1, 2, 3, 5
sent_37, 6, 3, 8, 17
sent_38, 12, 3, 6, 11
sent_39, 6, 1, 4, 8
sent_40, 5, 2, 6, 12
sent_41, 5, 2, 6, 12
sent_42, 14, 2, 7, 22
sent_43, 4, 1, 4, 7
sent_44, 4, 0, 3, 7
sent_45, 5, 2, 6, 13
sent_46, 6, 2, 5, 12
sent_47, 7, 4, 8, 18
sent_48, 2, 1, 1, 1
sent_49, 1, 1, 2, 5
sent_50, 4, 1, 3, 8
sent_51, 5, 3, 6, 15
sent_52, 7, 1, 5, 16
sent_53, 5, 0, 4, 9
sent_54, 5, 5, 9, 15
sent_55, 3, 2, 2, 6
sent_56, 2, 2, 3, 7
sent_57, 4, 2, 5, 9
sent_58, 8, 5, 9, 18
sent_59, 4, 1, 3, 9
sent_60, 3, 1, 3, 7
sent_61, 6, 2, 3, 9
sent_62, 10, 1, 6, 15
sent_63, 4, 1, 3, 5
sent_64, 9, 1, 4, 10
sent_65, 4, 3, 4, 13
sent_66, 3, 4, 7, 17
sent_67, 3, 3, 5, 13
sent_68, 1, 1, 2, 6
sent_69, 6, 4, 8, 21
sent_70, 5, 1, 4, 7
sent_71, 3, 1, 4, 13
sent_72, 10, 3, 6, 21
sent_73, 4, 1, 4, 13
