sent_1, 4, 1, 3, 6
sent_2, 6, 2, 7, 16
sent_3, 3, 1, 3, 5
sent_4, 10, 4, 8, 21
sent_5, 3, 1, 2, 7
sent_6, 5, 1, 4, 10
sent_7, 6, 3, 9, 26
sent_8, 9, 3, 9, 24
sent_9, 1, 1, 2, 10
sent_10, 8, 6, 10, 18
sent_11, 4, 5, 8, 22
sent_12, 4, 1, 5, 11
sent_13, 4, 7, 10, 21
sent_14, 9, 2, 7, 18
sent_15, 5, 4, 8, 13
sent_16, 3, 0, 3, 11
sent_17, 7, 4, 9, 16
sent_18, 4, 1, 2, 7
sent_19, 11, 4, 11, 32
sent_20, 4, 2, 5, 13
sent_21, 4, 3, 7, 17
sent_22, 2, 3, 5, 10
sent_23, 5, 2, 5, 10
sent_24, 5, 1, 3, 7
sent_25, 4, 2, 5, 10
sent_26, 5, 2, 5, 11
sent_27, 1, 0, 1, 5
sent_28, 7, 3, 7, 15
sent_29, 6, 1, 3, 7
sent_30, 8, 3, 8, 21
sent_31, 2, 0, 1, 1
