sent_1, 5, 2, 5, 9
sent_2, 5, 1, 3, 4
sent_3, 3, 1, 3, 6
sent_4, 2, 2, 4, 8
sent_5, 5, 2, 6, 14
sent_6, 2, 0, 2, 6
sent_7, 2, 0, 1, 2
sent_8, 4, 3, 6, 9
sent_9, 7, 2, 5, 8
sent_10, 4, 1, 4, 9
sent_11, 5, 2, 5, 14
sent_12, 3, 2, 3, 6
sent_13, 1, 4, 5, 18
sent_14, 2, 2, 4, 12
sent_15, 2, 3, 5, 11
sent_16, 1, 2, 3, 9
sent_17, 1, 1, 2, 4
sent_18, 1, 3, 4, 11
sent_19, 1, 3, 4, 13
sent_20, 6, 2, 7, 17
sent_21, 12, 7, 13, 35
sent_22, 6, 3, 6, 11
sent_23, 4, 4, 7, 14
sent_24, 2, 2, 4, 7
sent_25, 3, 1, 3, 5
sent_26, 2, 4, 6, 13
sent_27, 6, 3, 7, 12
sent_28, 4, 1, 3, 4
sent_29, 1, 6, 7, 19
sent_30, 3, 3, 6, 12
sent_31, 4, 0, 2, 3
sent_32, 5, 2, 5, 7
sent_33, 6, 1, 3, 4
